1	2015	7	15	25.67702807	14.20139502
1	2015	7	16	24.72625323	15.29897314
1	2015	7	17	27.58664777	13.57376536
1	2015	7	18	29.02709542	16.23924872
1	2015	7	19	33.72980603	17.17934376
1	2015	7	20	32.91132698	17.0226623
1	2015	7	21	25.51839348	15.76915043
1	2015	7	22	24.4098541	13.25979709
1	2015	7	23	24.09370013	14.35824589
1	2015	7	24	24.4098541	13.25979709
1	2015	7	25	23.1466037	14.20139502
1	2015	7	26	18.58974023	13.57376536
1	2015	7	27	23.1466037	12.78862438
1	2015	7	28	25.67702807	14.20139502
1	2015	7	29	27.74632481	14.67188858
1	2015	7	30	29.83082182	16.55262042
1	2015	7	31	29.18763238	14.98546098
1	2015	8	1	29.50901587	14.98546098
1	2015	8	2	28.70632384	14.98546098
1	2015	8	3	28.22590082	14.98546098
1	2015	8	4	25.99451457	14.51507665
1	2015	8	5	25.20133486	13.25979709
1	2015	8	6	24.88454806	14.35824589
1	2015	8	7	25.20133486	13.88762796
1	2015	8	8	27.42705921	14.98546098
1	2015	8	9	26.63039483	15.61243512
1	2015	8	10	26.78956188	15.29897314
1	2015	8	11	28.38594582	15.92585697
1	2015	8	12	29.50901587	16.39593645
1	2015	8	13	26.47130795	16.23924872
1	2015	8	14	26.47130795	15.29897314
1	2015	8	15	20.78625117	14.51507665
1	2015	8	16	22.67375875	13.25979709
1	2015	8	17	24.72625323	13.10277017
1	2015	8	18	28.38594582	14.98546098
1	2015	8	19	29.83082182	16.86598209
1	2015	8	20	29.50901587	15.29897314
1	2015	8	21	25.83573465	14.51507665
1	2015	8	22	25.35982952	12.94571302
1	2015	8	23	25.83573465	13.88762796
1	2015	8	24	23.30431852	12.94571302
1	2015	8	25	24.72625323	12.1599294
1	2015	8	26	23.93571177	13.10277017
1	2015	8	27	27.74632481	15.14222396
1	2015	8	28	28.54608635	15.61243512
1	2015	8	29	20.78625117	15.29897314
1	2015	8	30	21.72930003	13.73070923
1	2015	8	31	21.72930003	15.76915043
1	2015	9	1	18.90328125	13.88762796
1	2015	9	2	20.00125495	12.31715676
1	2015	9	3	19.3737183	11.53062837
1	2015	9	4	17.33602773	10.58536049
1	2015	9	5	18.90328125	9.638264061
1	2015	9	6	19.84433623	11.53062837
1	2015	9	7	21.25761666	13.10277017
1	2015	9	8	22.20133582	13.88762796
1	2015	9	9	23.61990573	14.98546098
1	2015	9	10	25.83573465	14.20139502
1	2015	9	11	26.47130795	15.29897314
1	2015	9	12	26.63039483	15.29897314
1	2015	9	13	25.51839348	14.67188858
1	2015	9	14	17.49271546	11.21572492
1	2015	9	15	18.27625442	10.42764567
1	2015	9	16	20.94333981	11.37319879
1	2015	9	17	22.20133582	12.94571302
1	2015	9	18	19.3737183	13.73070923
1	2015	9	19	22.20133582	15.45570977
1	2015	9	20	22.98893966	17.80610722
1	2015	9	21	20.47216709	11.05820544
1	2015	9	22	21.10046121	9.638264061
1	2015	9	23	22.35876539	9.638264061
1	2015	9	24	23.30431852	13.88762796
1	2015	9	25	20.78625117	13.25979709
1	2015	9	26	18.43299105	10.90063908
1	2015	9	27	19.84433623	9.480217058
1	2015	9	28	22.51623927	10.58536049
1	2015	9	29	22.51623927	11.37319879
1	2015	9	30	22.35876539	10.58536049
1	2015	10	1	19.3737183	11.84535977
1	2015	10	2	21.10046121	11.84535977
1	2015	10	3	20.94333981	11.53062837
1	2015	10	4	23.1466037	11.37319879
1	2015	10	5	23.61990573	11.53062837
1	2015	10	6	19.84433623	11.37319879
1	2015	10	7	16.86598209	14.35824589
1	2015	10	8	16.23924872	13.88762796
1	2015	10	9	19.84433623	13.88762796
1	2015	10	10	19.21688753	15.92585697
1	2015	10	11	17.33602773	12.1599294
1	2015	10	12	17.64940821	13.25979709
1	2015	10	13	17.96281376	12.78862438
1	2015	10	14	18.90328125	10.90063908
1	2015	10	15	17.33602773	10.74302453
1	2015	10	16	20.62919402	10.74302453
1	2015	10	17	20.00125495	12.78862438
1	2015	10	18	15.29897314	13.57376536
1	2015	10	19	17.80610722	13.88762796
1	2015	10	20	18.11952907	11.05820544
1	2015	10	21	18.90328125	9.796252417
1	2015	10	22	15.61243512	10.58536049
1	2015	10	23	15.76915043	9.005710952
1	2015	10	24	15.45570977	10.26987876
1	2015	10	25	15.92585697	10.74302453
1	2015	10	26	14.67188858	11.37319879
1	2015	10	27	13.88762796	9.954183443
1	2015	10	28	14.98546098	12.1599294
1	2015	10	29	16.55262042	12.78862438
1	2015	10	30	18.43299105	12.47434753
1	2015	10	31	16.23924872	12.94571302
1	2015	11	1	14.51507665	10.74302453
1	2015	11	2	14.51507665	9.796252417
1	2015	11	3	13.41679507	7.101569353
1	2015	11	4	13.88762796	6.304904973
1	2015	11	5	12.47434753	8.847416132
1	2015	11	6	14.67188858	8.847416132
1	2015	11	7	14.51507665	11.84535977
1	2015	11	8	12.94571302	8.847416132
1	2015	11	9	11.05820544	8.689056035
1	2015	11	10	10.74302453	5.985639378
1	2015	11	11	12.94571302	7.896229538
1	2015	11	12	11.53062837	7.578595001
1	2015	11	13	14.20139502	9.322110088
1	2015	11	14	11.53062837	7.896229538
1	2015	11	15	10.74302453	5.825872464
1	2015	11	16	9.480217058	4.865304466
1	2015	11	17	14.51507665	7.578595001
1	2015	11	18	11.05820544	6.304904973
1	2015	11	19	10.26987876	5.506063372
1	2015	11	20	9.322110088	2.123129959
1	2015	11	21	9.480217058	2.933072139
1	2015	11	22	10.42764567	3.578902241
1	2015	11	23	9.322110088	3.901142368
1	2015	11	24	9.322110088	6.145316414
1	2015	11	25	9.322110088	3.578902241
1	2015	11	26	8.847416132	1.798288257
1	2015	11	27	9.163941828	2.285362427
1	2015	11	28	8.372134664	0.820637208
1	2015	11	29	7.578595001	0.493669612
1	2015	11	30	8.689056035	-0.326241768
1	2015	12	1	11.68801493	6.145316414
1	2015	12	2	11.05820544	5.985639378
1	2015	12	3	13.41679507	8.689056035
1	2015	12	4	11.84535977	8.530629325
1	2015	12	5	10.90063908	8.213570711
1	2015	12	6	12.78862438	8.213570711
1	2015	12	7	11.21572492	9.480217058
1	2015	12	8	15.14222396	8.847416132
1	2015	12	9	13.10277017	9.480217058
1	2015	12	10	11.21572492	8.689056035
1	2015	12	11	9.954183443	7.578595001
1	2015	12	12	8.689056035	7.101569353
1	2015	12	13	10.11205845	7.578595001
1	2015	12	14	9.163941828	4.865304466
1	2015	12	15	7.896229538	3.901142368
1	2015	12	16	7.419664328	4.865304466
1	2015	12	17	7.101569353	3.578902241
1	2015	12	18	9.796252417	5.185877833
1	2015	12	19	9.163941828	5.506063372
1	2015	12	20	9.005710952	6.783153735
1	2015	12	21	7.896229538	5.506063372
1	2015	12	22	8.054936118	5.185877833
1	2015	12	23	7.578595001	4.704868768
1	2015	12	24	6.942402311	4.865304466
1	2015	12	25	6.783153735	4.383692143
1	2015	12	26	6.623822242	3.578902241
1	2015	12	27	5.985639378	4.383692143
1	2015	12	28	6.464406451	3.740077312
1	2015	12	29	6.783153735	3.578902241
1	2015	12	30	5.825872464	0.820637208
1	2015	12	31	5.346018368	-0.326241768
1	2016	1	1	6.942402311	0.493669612
1	2016	1	2	6.464406451	0.329975415
1	2016	1	3	5.666014266	0.329975415
1	2016	1	4	4.062098881	2.933072139
1	2016	1	5	6.145316414	3.417615675
1	2016	1	6	11.37319879	5.825872464
1	2016	1	7	9.480217058	3.740077312
1	2016	1	8	9.638264061	5.346018368
1	2016	1	9	8.847416132	3.094702117
1	2016	1	10	9.638264061	4.222948319
1	2016	1	11	9.163941828	3.417615675
1	2016	1	12	10.74302453	7.101569353
1	2016	1	13	12.47434753	8.054936118
1	2016	1	14	10.74302453	5.666014266
1	2016	1	15	10.26987876	2.933072139
1	2016	1	16	14.0445228	6.942402311
1	2016	1	17	11.68801493	8.213570711
1	2016	1	18	12.78862438	8.213570711
1	2016	1	19	11.21572492	7.737449618
1	2016	1	20	11.37319879	6.783153735
1	2016	1	21	10.42764567	8.213570711
1	2016	1	22	13.88762796	10.26987876
1	2016	1	23	13.73070923	7.419664328
1	2016	1	24	11.05820544	6.942402311
1	2016	1	25	13.10277017	5.185877833
1	2016	1	26	14.51507665	9.638264061
1	2016	1	27	15.14222396	12.00266416
1	2016	1	28	13.57376536	10.11205845
1	2016	1	29	11.05820544	7.578595001
1	2016	1	30	11.05820544	6.145316414
1	2016	1	31	10.42764567	5.666014266
1	2016	2	1	9.322110088	5.346018368
1	2016	2	2	10.26987876	5.506063372
1	2016	2	3	11.53062837	5.985639378
1	2016	2	4	9.954183443	6.942402311
1	2016	2	5	13.41679507	8.530629325
1	2016	2	6	12.1599294	7.260656235
1	2016	2	7	10.58536049	4.544331809
1	2016	2	8	14.82868294	6.304904973
1	2016	2	9	15.29897314	5.346018368
1	2016	2	10	14.98546098	8.689056035
1	2016	2	11	14.82868294	9.005710952
1	2016	2	12	15.14222396	10.74302453
1	2016	2	13	15.45570977	8.847416132
1	2016	2	14	12.78862438	8.213570711
1	2016	2	15	12.78862438	10.90063908
1	2016	2	16	13.10277017	9.954183443
1	2016	2	17	12.94571302	9.005710952
1	2016	2	18	12.94571302	8.530629325
1	2016	2	19	12.94571302	8.054936118
1	2016	2	20	12.00266416	6.464406451
1	2016	2	21	13.41679507	4.062098881
1	2016	2	22	11.68801493	7.419664328
1	2016	2	23	12.47434753	2.933072139
1	2016	2	24	13.41679507	8.054936118
1	2016	2	25	13.41679507	6.145316414
1	2016	2	26	14.51507665	7.737449618
1	2016	2	27	15.29897314	9.163941828
1	2016	2	28	16.86598209	9.480217058
1	2016	2	29	12.94571302	7.578595001
1	2016	3	1	12.94571302	7.896229538
1	2016	3	2	13.41679507	7.578595001
1	2016	3	3	14.35824589	9.796252417
1	2016	3	4	16.23924872	8.689056035
1	2016	3	5	17.64940821	9.322110088
1	2016	3	6	14.98546098	8.689056035
1	2016	3	7	11.53062837	6.783153735
1	2016	3	8	12.47434753	6.464406451
1	2016	3	9	12.78862438	7.101569353
1	2016	3	10	12.78862438	8.530629325
1	2016	3	11	11.68801493	5.825872464
1	2016	3	12	11.21572492	7.419664328
1	2016	3	13	11.53062837	5.985639378
1	2016	3	14	11.53062837	6.783153735
1	2016	3	15	12.78862438	5.666014266
1	2016	3	16	12.94571302	5.825872464
1	2016	3	17	15.45570977	3.256216131
1	2016	3	18	17.49271546	5.825872464
1	2016	3	19	19.68744139	9.322110088
1	2016	3	20	14.98546098	9.638264061
1	2016	3	21	15.29897314	9.322110088
1	2016	3	22	14.98546098	8.847416132
1	2016	3	23	14.35824589	9.322110088
1	2016	3	24	13.41679507	7.260656235
1	2016	3	25	13.73070923	7.101569353
1	2016	3	26	15.61243512	6.623822242
1	2016	3	27	14.82868294	8.054936118
1	2016	3	28	15.76915043	5.985639378
1	2016	3	29	17.49271546	6.304904973
1	2016	3	30	19.84433623	7.419664328
1	2016	3	31	20.62919402	8.689056035
1	2016	4	1	21.41480743	9.005710952
1	2016	4	2	20.00125495	9.163941828
1	2016	4	3	21.72930003	7.896229538
1	2016	4	4	22.04394926	9.954183443
1	2016	4	5	14.20139502	8.372134664
1	2016	4	6	18.74650321	8.689056035
1	2016	4	7	20.78625117	9.480217058
1	2016	4	8	20.94333981	10.74302453
1	2016	4	9	18.58974023	8.847416132
1	2016	4	10	20.62919402	9.163941828
1	2016	4	11	18.58974023	10.58536049
1	2016	4	12	14.51507665	10.11205845
1	2016	4	13	13.88762796	8.530629325
1	2016	4	14	16.08255598	7.578595001
1	2016	4	15	16.70930188	9.638264061
1	2016	4	16	19.53056916	7.578595001
1	2016	4	17	20.94333981	9.796252417
1	2016	4	18	25.35982952	12.1599294
1	2016	4	19	25.99451457	12.47434753
1	2016	4	20	24.4098541	13.10277017
1	2016	4	21	25.20133486	13.25979709
1	2016	4	22	19.68744139	13.10277017
1	2016	4	23	17.64940821	10.74302453
1	2016	4	24	16.23924872	9.163941828
1	2016	4	25	15.29897314	8.689056035
1	2016	4	26	16.55262042	7.578595001
1	2016	4	27	16.39593645	9.796252417
1	2016	4	28	16.86598209	11.05820544
1	2016	4	29	18.58974023	9.322110088
1	2016	4	30	20.47216709	9.322110088
1	2016	5	1	23.46208543	10.26987876
1	2016	5	2	27.74632481	12.00266416
1	2016	5	3	29.66986531	14.51507665
1	2016	5	4	19.68744139	11.05820544
1	2016	5	5	20.15819883	9.638264061
1	2016	5	6	23.93571177	11.05820544
1	2016	5	7	23.61990573	12.31715676
1	2016	5	8	22.04394926	10.74302453
1	2016	5	9	20.94333981	9.480217058
1	2016	5	10	22.51623927	9.480217058
1	2016	5	11	24.4098541	11.53062837
1	2016	5	12	23.30431852	10.58536049
1	2016	5	13	22.83132511	11.21572492
1	2016	5	14	22.98893966	12.94571302
1	2016	5	15	13.57376536	11.84535977
1	2016	5	16	16.23924872	11.05820544
1	2016	5	17	19.3737183	10.42764567
1	2016	5	18	19.3737183	11.53062837
1	2016	5	19	17.80610722	9.638264061
1	2016	5	20	20.47216709	9.638264061
1	2016	5	21	21.10046121	11.53062837
1	2016	5	22	17.64940821	11.84535977
1	2016	5	23	17.64940821	11.84535977
1	2016	5	24	18.43299105	12.31715676
1	2016	5	25	20.94333981	12.31715676
1	2016	5	26	20.94333981	11.68801493
1	2016	5	27	16.86598209	9.796252417
1	2016	5	28	17.64940821	10.42764567
1	2016	5	29	20.78625117	11.21572492
1	2016	5	30	23.30431852	10.11205845
1	2016	5	31	23.46208543	11.05820544
1	2016	6	1	21.57203479	12.94571302
1	2016	6	2	20.78625117	14.67188858
1	2016	6	3	26.31229986	12.47434753
1	2016	6	4	28.70632384	15.45570977
1	2016	6	5	29.34827204	17.17934376
1	2016	6	6	29.50901587	15.29897314
1	2016	6	7	26.15336919	12.1599294
1	2016	6	8	24.56802236	12.63150297
1	2016	6	9	18.90328125	12.00266416
1	2016	6	10	21.10046121	11.21572492
1	2016	6	11	22.04394926	11.21572492
1	2016	6	12	21.72930003	12.47434753
1	2016	6	13	22.04394926	12.47434753
1	2016	6	14	19.0600756	9.480217058
1	2016	6	15	19.0600756	8.847416132
1	2016	6	16	20.94333981	10.90063908
1	2016	6	17	21.88660442	10.74302453
1	2016	6	18	16.70930188	12.00266416
1	2016	6	19	22.35876539	10.26987876
1	2016	6	20	22.35876539	13.10277017
1	2016	6	21	22.04394926	14.20139502
1	2016	6	22	23.30431852	12.94571302
1	2016	6	23	23.46208543	13.41679507
1	2016	6	24	18.43299105	12.1599294
1	2016	6	25	23.46208543	13.57376536
1	2016	6	26	26.78956188	12.94571302
1	2016	6	27	27.42705921	14.82868294
1	2016	6	28	26.94881045	12.94571302
1	2016	6	29	25.04290815	14.0445228
1	2016	6	30	23.46208543	13.10277017
1	2016	7	1	24.56802236	12.78862438
1	2016	7	2	24.72625323	14.98546098
1	2016	7	3	24.25174713	14.20139502
1	2016	7	4	21.88660442	13.25979709
1	2016	7	5	19.68744139	13.10277017
1	2016	7	6	25.20133486	12.63150297
1	2016	7	7	24.4098541	14.35824589
1	2016	7	8	25.35982952	15.29897314
1	2016	7	9	25.35982952	14.20139502
1	2016	7	10	25.51839348	13.73070923
1	2016	7	11	25.04290815	13.88762796
1	2016	7	12	23.1466037	14.0445228
1	2016	7	13	24.72625323	13.57376536
1	2016	7	14	24.72625323	13.41679507
1	2016	7	15	25.04290815	13.25979709
1	2016	7	16	25.35982952	14.98546098
1	2016	7	17	25.35982952	13.88762796
1	2016	7	18	25.35982952	14.51507665
1	2016	7	19	26.78956188	14.67188858
1	2016	7	20	26.78956188	14.67188858
1	2016	7	21	28.06594992	14.67188858
1	2016	7	22	26.78956188	15.29897314
1	2016	7	23	22.98893966	14.51507665
1	2016	7	24	26.15336919	13.88762796
1	2016	7	25	26.63039483	14.35824589
1	2016	7	26	26.31229986	13.88762796
1	2016	7	27	27.90609172	13.25979709
1	2016	7	28	27.74632481	14.98546098
1	2016	7	29	29.34827204	14.98546098
1	2016	7	30	29.50901587	14.20139502
1	2016	7	31	24.72625323	14.51507665
1	2016	8	1	24.56802236	12.94571302
1	2016	8	2	24.56802236	14.0445228
1	2016	8	3	25.67702807	14.82868294
1	2016	8	4	26.47130795	13.57376536
1	2016	8	5	26.78956188	13.57376536
1	2016	8	6	25.20133486	12.94571302
1	2016	8	7	21.88660442	14.0445228
1	2016	8	8	18.74650321	14.20139502		
