RainGage	2015	7	26	9	0	0.254
RainGage	2015	7	26	15	45	0.254
RainGage	2015	8	14	22	15	0.254
RainGage	2015	8	14	23	15	0.254
RainGage	2015	8	14	23	45	0.254
RainGage	2015	8	15	0	0	0.254
RainGage	2015	8	15	0	15	0.254
RainGage	2015	8	15	0	30	0.254
RainGage	2015	8	15	0	45	0.254
RainGage	2015	8	15	6	15	0.254
RainGage	2015	8	20	0	0	1.016
RainGage	2015	8	28	12	45	0.254
RainGage	2015	8	28	21	15	0.254
RainGage	2015	8	29	9	45	0.254
RainGage	2015	8	29	12	0	0.254
RainGage	2015	8	29	13	15	1.27
RainGage	2015	8	29	13	30	1.27
RainGage	2015	8	29	13	45	1.27
RainGage	2015	8	29	14	0	1.27
RainGage	2015	8	29	14	15	1.016
RainGage	2015	8	29	14	30	0.762
RainGage	2015	8	29	14	45	0.254
RainGage	2015	8	29	18	45	0.254
RainGage	2015	8	29	19	30	0.254
RainGage	2015	8	30	3	15	0.508
RainGage	2015	8	30	3	30	1.016
RainGage	2015	8	30	3	45	4.064
RainGage	2015	8	30	4	0	1.27
RainGage	2015	8	30	4	15	1.27
RainGage	2015	8	30	4	30	1.524
RainGage	2015	8	30	4	45	0.762
RainGage	2015	8	30	5	0	1.016
RainGage	2015	8	30	5	15	0.508
RainGage	2015	8	30	5	30	1.524
RainGage	2015	8	30	6	30	0.254
RainGage	2015	8	30	7	0	1.27
RainGage	2015	8	30	7	15	0.254
RainGage	2015	8	30	11	30	0.254
RainGage	2015	8	30	12	0	0.254
RainGage	2015	8	30	12	30	0.254
RainGage	2015	8	31	18	30	0.254
RainGage	2015	8	31	18	45	0.254
RainGage	2015	8	31	19	30	0.254
RainGage	2015	8	31	19	45	0.254
RainGage	2015	8	31	20	0	0.254
RainGage	2015	8	31	20	15	0.508
RainGage	2015	8	31	20	30	0.762
RainGage	2015	8	31	20	45	0.254
RainGage	2015	8	31	21	0	0.508
RainGage	2015	8	31	21	30	0.254
RainGage	2015	8	31	21	45	0.254
RainGage	2015	8	31	22	0	0.254
RainGage	2015	8	31	23	0	0.254
RainGage	2015	9	1	13	45	0.254
RainGage	2015	9	1	14	0	0.254
RainGage	2015	9	1	14	15	0.508
RainGage	2015	9	1	14	30	0.508
RainGage	2015	9	1	14	45	0.254
RainGage	2015	9	1	16	15	0.508
RainGage	2015	9	2	8	0	1.016
RainGage	2015	9	2	9	30	0.254
RainGage	2015	9	2	9	45	1.778
RainGage	2015	9	2	10	0	1.778
RainGage	2015	9	2	10	15	0.762
RainGage	2015	9	2	10	30	1.27
RainGage	2015	9	2	10	45	1.778
RainGage	2015	9	2	11	0	2.794
RainGage	2015	9	2	11	15	1.778
RainGage	2015	9	2	11	30	0.508
RainGage	2015	9	2	12	0	0.508
RainGage	2015	9	2	12	15	1.016
RainGage	2015	9	2	12	30	0.254
RainGage	2015	9	2	13	30	0.254
RainGage	2015	9	2	14	0	0.254
RainGage	2015	9	3	11	30	0.254
RainGage	2015	9	4	0	45	0.254
RainGage	2015	9	4	1	0	0.254
RainGage	2015	9	4	2	0	0.254
RainGage	2015	9	4	10	0	0.254
RainGage	2015	9	6	9	15	1.524
RainGage	2015	9	6	9	30	0.254
RainGage	2015	9	6	10	0	1.016
RainGage	2015	9	6	10	15	1.016
RainGage	2015	9	6	10	30	1.27
RainGage	2015	9	6	10	45	1.016
RainGage	2015	9	6	11	0	0.508
RainGage	2015	9	6	11	15	1.524
RainGage	2015	9	6	11	30	1.016
RainGage	2015	9	6	11	45	0.762
RainGage	2015	9	6	12	0	0.508
RainGage	2015	9	6	12	15	0.254
RainGage	2015	9	6	12	30	1.524
RainGage	2015	9	6	12	45	1.016
RainGage	2015	9	6	13	0	0.508
RainGage	2015	9	6	13	15	1.27
RainGage	2015	9	6	13	30	0.254
RainGage	2015	9	6	16	0	0.254
RainGage	2015	9	15	4	30	0.508
RainGage	2015	9	15	4	45	0.508
RainGage	2015	9	15	5	0	0.254
RainGage	2015	9	17	6	30	0.254
RainGage	2015	9	17	6	45	0.762
RainGage	2015	9	17	7	0	0.254
RainGage	2015	9	17	7	15	0.254
RainGage	2015	9	17	9	30	0.254
RainGage	2015	9	17	9	45	0.508
RainGage	2015	9	17	10	0	0.508
RainGage	2015	9	17	11	15	0.254
RainGage	2015	9	17	12	30	0.254
RainGage	2015	9	17	12	45	0.508
RainGage	2015	9	17	14	45	0.254
RainGage	2015	9	17	20	0	0.254
RainGage	2015	9	17	20	45	0.254
RainGage	2015	9	17	21	0	1.778
RainGage	2015	9	17	21	15	0.762
RainGage	2015	9	17	21	30	0.762
RainGage	2015	9	17	21	45	0.254
RainGage	2015	9	17	22	30	0.254
RainGage	2015	9	18	4	0	0.254
RainGage	2015	9	18	5	0	0.508
RainGage	2015	9	19	4	0	0.254
RainGage	2015	9	21	2	0	0.762
RainGage	2015	9	21	2	15	2.032
RainGage	2015	9	21	2	30	1.524
RainGage	2015	9	21	2	45	0.762
RainGage	2015	9	21	3	0	0.762
RainGage	2015	9	21	3	15	0.508
RainGage	2015	9	21	3	30	0.508
RainGage	2015	9	21	4	0	0.254
RainGage	2015	9	21	4	30	0.254
RainGage	2015	9	21	5	0	0.254
RainGage	2015	9	21	5	30	0.254
RainGage	2015	10	3	3	45	0.254
RainGage	2015	10	3	4	15	0.508
RainGage	2015	10	3	4	30	0.254
RainGage	2015	10	7	10	45	0.254
RainGage	2015	10	7	11	15	0.254
RainGage	2015	10	7	11	45	0.254
RainGage	2015	10	7	12	0	0.254
RainGage	2015	10	7	12	30	0.254
RainGage	2015	10	7	13	0	0.254
RainGage	2015	10	7	13	45	0.254
RainGage	2015	10	7	14	15	0.254
RainGage	2015	10	7	15	0	0.254
RainGage	2015	10	7	15	15	0.254
RainGage	2015	10	7	15	30	0.508
RainGage	2015	10	7	15	45	0.254
RainGage	2015	10	7	16	0	0.254
RainGage	2015	10	7	16	15	0.254
RainGage	2015	10	7	16	30	0.254
RainGage	2015	10	7	16	45	0.254
RainGage	2015	10	7	17	0	0.508
RainGage	2015	10	7	17	15	0.254
RainGage	2015	10	7	17	30	0.508
RainGage	2015	10	7	18	0	0.254
RainGage	2015	10	7	18	15	0.508
RainGage	2015	10	7	18	30	0.762
RainGage	2015	10	7	18	45	0.508
RainGage	2015	10	7	19	15	0.762
RainGage	2015	10	7	19	30	0.508
RainGage	2015	10	7	19	45	0.254
RainGage	2015	10	7	20	0	0.254
RainGage	2015	10	7	20	15	0.254
RainGage	2015	10	7	20	30	0.508
RainGage	2015	10	7	20	45	0.254
RainGage	2015	10	7	21	30	0.254
RainGage	2015	10	7	22	0	0.254
RainGage	2015	10	7	22	15	0.254
RainGage	2015	10	7	22	30	0.254
RainGage	2015	10	7	23	30	0.254
RainGage	2015	10	8	6	45	0.254
RainGage	2015	10	10	16	45	0.508
RainGage	2015	10	10	17	0	0.762
RainGage	2015	10	10	17	15	0.508
RainGage	2015	10	10	17	30	1.016
RainGage	2015	10	10	17	45	2.794
RainGage	2015	10	10	18	0	3.048
RainGage	2015	10	10	18	15	0.508
RainGage	2015	10	10	18	30	0.762
RainGage	2015	10	10	18	45	1.524
RainGage	2015	10	10	19	0	1.524
RainGage	2015	10	10	19	15	0.254
RainGage	2015	10	10	19	30	0.254
RainGage	2015	10	10	19	45	0.508
RainGage	2015	10	10	20	30	0.254
RainGage	2015	10	10	20	45	0.508
RainGage	2015	10	10	21	15	1.016
RainGage	2015	10	10	21	30	2.032
RainGage	2015	10	11	4	30	0.254
RainGage	2015	10	11	4	45	0.254
RainGage	2015	10	12	20	15	0.254
RainGage	2015	10	13	3	0	0.254
RainGage	2015	10	13	3	15	0.254
RainGage	2015	10	13	9	30	0.254
RainGage	2015	10	13	10	45	0.254
RainGage	2015	10	18	1	15	0.254
RainGage	2015	10	18	1	45	0.762
RainGage	2015	10	18	2	0	0.254
RainGage	2015	10	18	2	15	0.254
RainGage	2015	10	18	11	15	0.254
RainGage	2015	10	18	17	30	0.254
RainGage	2015	10	19	9	45	0.254
RainGage	2015	10	20	23	0	0.254
RainGage	2015	10	26	0	30	0.254
RainGage	2015	10	26	1	30	0.254
RainGage	2015	10	26	3	0	0.254
RainGage	2015	10	26	3	45	0.254
RainGage	2015	10	26	4	0	0.762
RainGage	2015	10	26	4	15	0.508
RainGage	2015	10	26	4	30	0.254
RainGage	2015	10	26	4	45	0.508
RainGage	2015	10	26	5	0	0.254
RainGage	2015	10	26	5	15	0.254
RainGage	2015	10	26	5	30	0.762
RainGage	2015	10	26	5	45	0.508
RainGage	2015	10	26	6	15	0.254
RainGage	2015	10	26	12	0	0.254
RainGage	2015	10	26	12	45	0.254
RainGage	2015	10	26	13	0	0.254
RainGage	2015	10	26	13	45	0.254
RainGage	2015	10	26	14	0	0.254
RainGage	2015	10	26	14	30	0.254
RainGage	2015	10	26	15	0	0.254
RainGage	2015	10	26	16	30	0.254
RainGage	2015	10	26	17	30	0.254
RainGage	2015	10	28	16	0	0.254
RainGage	2015	10	28	17	15	0.254
RainGage	2015	10	28	17	30	0.254
RainGage	2015	10	28	20	15	0.254
RainGage	2015	10	28	20	45	0.508
RainGage	2015	10	28	21	0	0.508
RainGage	2015	10	28	21	15	1.016
RainGage	2015	10	28	21	45	0.254
RainGage	2015	10	28	22	30	1.27
RainGage	2015	10	29	4	0	0.254
RainGage	2015	10	29	5	30	0.254
RainGage	2015	10	29	5	45	0.254
RainGage	2015	10	29	6	0	0.254
RainGage	2015	10	29	6	15	0.254
RainGage	2015	10	29	10	0	0.254
RainGage	2015	10	30	9	45	0.508
RainGage	2015	10	30	10	0	0.508
RainGage	2015	10	30	10	15	0.254
RainGage	2015	10	30	10	45	0.254
RainGage	2015	10	30	13	0	0.254
RainGage	2015	10	30	14	15	0.254
RainGage	2015	10	30	20	30	2.286
RainGage	2015	10	30	20	45	1.524
RainGage	2015	10	31	4	15	0.254
RainGage	2015	10	31	5	0	0.254
RainGage	2015	10	31	5	15	0.254
RainGage	2015	10	31	5	30	0.254
RainGage	2015	10	31	6	0	0.254
RainGage	2015	10	31	6	15	0.254
RainGage	2015	10	31	6	30	0.508
RainGage	2015	10	31	6	45	0.762
RainGage	2015	10	31	7	0	0.762
RainGage	2015	10	31	7	30	0.508
RainGage	2015	10	31	7	45	0.254
RainGage	2015	10	31	8	0	0.254
RainGage	2015	10	31	8	15	1.016
RainGage	2015	10	31	8	30	0.254
RainGage	2015	10	31	8	45	0.762
RainGage	2015	10	31	9	15	0.254
RainGage	2015	10	31	10	45	0.254
RainGage	2015	10	31	13	30	0.254
RainGage	2015	10	31	13	45	0.508
RainGage	2015	10	31	14	0	0.508
RainGage	2015	10	31	14	45	0.254
RainGage	2015	10	31	15	30	0.254
RainGage	2015	10	31	15	45	0.254
RainGage	2015	10	31	16	45	1.27
RainGage	2015	10	31	17	0	0.254
RainGage	2015	10	31	17	30	0.254
RainGage	2015	10	31	17	45	0.254
RainGage	2015	11	1	6	45	0.762
RainGage	2015	11	1	7	0	0.254
RainGage	2015	11	1	7	15	1.27
RainGage	2015	11	1	7	30	0.254
RainGage	2015	11	1	7	45	0.762
RainGage	2015	11	1	8	0	0.254
RainGage	2015	11	1	11	15	0.254
RainGage	2015	11	1	11	30	0.254
RainGage	2015	11	1	15	45	0.254
RainGage	2015	11	1	18	45	1.27
RainGage	2015	11	1	19	0	1.016
RainGage	2015	11	1	19	15	0.254
RainGage	2015	11	1	19	30	0.254
RainGage	2015	11	1	19	45	0.762
RainGage	2015	11	1	20	0	0.508
RainGage	2015	11	1	23	0	0.254
RainGage	2015	11	2	9	0	1.016
RainGage	2015	11	2	9	15	1.016
RainGage	2015	11	2	9	30	0.254
RainGage	2015	11	2	11	15	0.254
RainGage	2015	11	2	11	30	0.508
RainGage	2015	11	2	11	45	0.508
RainGage	2015	11	2	15	0	1.778
RainGage	2015	11	2	15	15	0.254
RainGage	2015	11	2	16	15	1.524
RainGage	2015	11	3	8	30	0.254
RainGage	2015	11	3	16	15	0.254
RainGage	2015	11	5	8	45	0.254
RainGage	2015	11	5	11	30	0.254
RainGage	2015	11	5	11	45	0.254
RainGage	2015	11	5	16	0	0.254
RainGage	2015	11	5	16	15	0.508
RainGage	2015	11	5	18	0	0.762
RainGage	2015	11	5	18	15	0.762
RainGage	2015	11	5	18	30	0.508
RainGage	2015	11	5	18	45	0.254
RainGage	2015	11	5	19	0	0.508
RainGage	2015	11	5	19	30	0.254
RainGage	2015	11	6	15	30	0.254
RainGage	2015	11	6	15	45	0.254
RainGage	2015	11	6	16	0	0.254
RainGage	2015	11	6	17	15	0.254
RainGage	2015	11	7	16	15	0.254
RainGage	2015	11	7	17	30	0.254
RainGage	2015	11	7	18	45	0.762
RainGage	2015	11	7	19	0	0.762
RainGage	2015	11	7	19	15	0.254
RainGage	2015	11	7	19	30	0.508
RainGage	2015	11	7	19	45	0.254
RainGage	2015	11	7	20	0	0.762
RainGage	2015	11	7	20	15	0.254
RainGage	2015	11	7	20	30	0.508
RainGage	2015	11	7	20	45	0.762
RainGage	2015	11	7	21	0	0.254
RainGage	2015	11	7	21	15	0.508
RainGage	2015	11	7	21	45	0.254
RainGage	2015	11	7	22	0	1.016
RainGage	2015	11	7	22	15	0.762
RainGage	2015	11	7	22	30	0.254
RainGage	2015	11	7	22	45	0.254
RainGage	2015	11	7	23	0	0.254
RainGage	2015	11	7	23	45	0.254
RainGage	2015	11	8	0	45	0.254
RainGage	2015	11	8	1	0	0.508
RainGage	2015	11	8	1	15	0.508
RainGage	2015	11	8	1	30	1.016
RainGage	2015	11	8	1	45	1.016
RainGage	2015	11	8	2	0	1.016
RainGage	2015	11	8	2	15	1.524
RainGage	2015	11	8	2	30	2.794
RainGage	2015	11	8	2	45	2.032
RainGage	2015	11	8	3	0	1.27
RainGage	2015	11	8	3	15	0.762
RainGage	2015	11	8	3	30	0.508
RainGage	2015	11	8	3	45	0.254
RainGage	2015	11	8	4	0	0.254
RainGage	2015	11	8	4	15	0.254
RainGage	2015	11	8	4	30	0.254
RainGage	2015	11	8	5	0	0.254
RainGage	2015	11	8	5	30	0.254
RainGage	2015	11	8	6	0	0.254
RainGage	2015	11	8	6	30	0.254
RainGage	2015	11	8	6	45	0.254
RainGage	2015	11	8	7	0	0.254
RainGage	2015	11	8	7	15	0.254
RainGage	2015	11	8	7	30	0.508
RainGage	2015	11	8	7	45	0.254
RainGage	2015	11	8	8	0	0.254
RainGage	2015	11	8	8	30	0.254
RainGage	2015	11	8	8	45	0.508
RainGage	2015	11	8	9	0	0.508
RainGage	2015	11	8	9	15	0.254
RainGage	2015	11	8	14	30	0.254
RainGage	2015	11	8	20	0	0.254
RainGage	2015	11	8	20	15	0.508
RainGage	2015	11	8	20	45	0.508
RainGage	2015	11	9	6	30	0.508
RainGage	2015	11	9	6	45	0.508
RainGage	2015	11	9	7	0	0.254
RainGage	2015	11	9	7	45	0.254
RainGage	2015	11	9	13	45	0.254
RainGage	2015	11	9	14	0	0.508
RainGage	2015	11	9	14	30	0.508
RainGage	2015	11	9	14	45	0.254
RainGage	2015	11	9	15	0	0.254
RainGage	2015	11	9	18	0	0.254
RainGage	2015	11	9	18	30	0.508
RainGage	2015	11	9	19	0	0.254
RainGage	2015	11	11	7	15	0.254
RainGage	2015	11	11	7	30	0.762
RainGage	2015	11	11	7	45	1.524
RainGage	2015	11	11	8	0	2.032
RainGage	2015	11	11	8	15	2.54
RainGage	2015	11	11	8	30	1.016
RainGage	2015	11	11	8	45	1.016
RainGage	2015	11	11	9	0	0.508
RainGage	2015	11	11	9	15	0.508
RainGage	2015	11	11	9	30	0.508
RainGage	2015	11	11	10	0	0.254
RainGage	2015	11	11	17	30	0.254
RainGage	2015	11	13	2	30	0.254
RainGage	2015	11	13	4	0	0.254
RainGage	2015	11	13	12	30	0.508
RainGage	2015	11	13	12	45	0.254
RainGage	2015	11	13	17	45	0.254
RainGage	2015	11	13	18	0	0.508
RainGage	2015	11	13	18	15	1.016
RainGage	2015	11	13	18	30	0.508
RainGage	2015	11	13	18	45	0.254
RainGage	2015	11	13	19	0	0.508
RainGage	2015	11	13	19	15	0.508
RainGage	2015	11	13	19	30	0.508
RainGage	2015	11	13	20	0	0.254
RainGage	2015	11	13	23	45	0.254
RainGage	2015	11	14	0	0	0.254
RainGage	2015	11	14	0	30	0.254
RainGage	2015	11	14	1	45	0.254
RainGage	2015	11	14	4	15	0.254
RainGage	2015	11	14	5	0	0.254
RainGage	2015	11	14	5	30	0.254
RainGage	2015	11	14	6	45	0.254
RainGage	2015	11	14	7	30	0.254
RainGage	2015	11	14	8	15	0.254
RainGage	2015	11	14	8	30	0.254
RainGage	2015	11	14	9	0	0.254
RainGage	2015	11	14	9	15	0.508
RainGage	2015	11	14	9	30	0.762
RainGage	2015	11	14	9	45	1.016
RainGage	2015	11	14	10	0	0.508
RainGage	2015	11	14	10	15	1.27
RainGage	2015	11	14	10	30	0.508
RainGage	2015	11	14	10	45	1.016
RainGage	2015	11	14	11	0	1.27
RainGage	2015	11	14	11	15	1.27
RainGage	2015	11	14	11	30	1.016
RainGage	2015	11	14	11	45	0.508
RainGage	2015	11	14	12	0	0.762
RainGage	2015	11	14	12	15	0.508
RainGage	2015	11	14	12	30	0.762
RainGage	2015	11	14	12	45	0.508
RainGage	2015	11	14	13	0	0.762
RainGage	2015	11	14	13	15	0.762
RainGage	2015	11	14	13	30	0.508
RainGage	2015	11	14	13	45	0.254
RainGage	2015	11	14	14	0	0.508
RainGage	2015	11	14	14	15	0.762
RainGage	2015	11	14	14	30	0.254
RainGage	2015	11	14	15	0	0.254
RainGage	2015	11	14	15	15	0.254
RainGage	2015	11	14	15	30	0.508
RainGage	2015	11	14	16	0	0.254
RainGage	2015	11	14	16	15	0.508
RainGage	2015	11	14	17	30	0.254
RainGage	2015	11	14	17	45	0.254
RainGage	2015	11	14	18	0	0.254
RainGage	2015	11	14	18	15	0.254
RainGage	2015	11	14	18	30	0.254
RainGage	2015	11	14	19	15	0.254
RainGage	2015	11	14	19	45	0.254
RainGage	2015	11	14	20	0	0.254
RainGage	2015	11	14	20	15	0.254
RainGage	2015	11	14	22	0	0.254
RainGage	2015	11	14	22	15	0.254
RainGage	2015	11	14	22	30	0.254
RainGage	2015	11	14	22	45	0.508
RainGage	2015	11	14	23	0	0.762
RainGage	2015	11	14	23	15	0.508
RainGage	2015	11	14	23	30	1.016
RainGage	2015	11	14	23	45	0.762
RainGage	2015	11	15	0	0	0.762
RainGage	2015	11	15	0	15	0.508
RainGage	2015	11	15	0	30	0.508
RainGage	2015	11	15	0	45	1.016
RainGage	2015	11	15	1	0	0.508
RainGage	2015	11	15	1	15	0.508
RainGage	2015	11	15	1	30	0.508
RainGage	2015	11	15	1	45	0.508
RainGage	2015	11	15	2	0	0.762
RainGage	2015	11	15	2	15	0.508
RainGage	2015	11	15	2	45	0.508
RainGage	2015	11	15	3	0	0.508
RainGage	2015	11	15	3	15	0.762
RainGage	2015	11	15	3	30	0.508
RainGage	2015	11	15	3	45	0.762
RainGage	2015	11	15	4	0	0.508
RainGage	2015	11	15	4	30	0.508
RainGage	2015	11	15	4	45	0.762
RainGage	2015	11	15	5	0	0.508
RainGage	2015	11	15	5	15	0.254
RainGage	2015	11	15	5	30	0.508
RainGage	2015	11	15	5	45	0.762
RainGage	2015	11	15	6	0	0.508
RainGage	2015	11	15	6	15	1.016
RainGage	2015	11	15	6	30	0.508
RainGage	2015	11	15	6	45	0.508
RainGage	2015	11	15	7	0	1.016
RainGage	2015	11	15	7	15	1.016
RainGage	2015	11	15	7	30	0.762
RainGage	2015	11	15	7	45	0.254
RainGage	2015	11	15	8	0	0.508
RainGage	2015	11	15	8	15	0.508
RainGage	2015	11	15	8	30	0.508
RainGage	2015	11	15	8	45	0.254
RainGage	2015	11	15	9	0	0.254
RainGage	2015	11	15	9	15	0.762
RainGage	2015	11	15	9	30	0.508
RainGage	2015	11	15	9	45	0.762
RainGage	2015	11	15	10	0	0.254
RainGage	2015	11	15	10	15	0.508
RainGage	2015	11	15	10	30	0.254
RainGage	2015	11	15	10	45	0.508
RainGage	2015	11	15	11	0	0.508
RainGage	2015	11	15	11	15	0.508
RainGage	2015	11	15	11	30	0.508
RainGage	2015	11	15	11	45	0.254
RainGage	2015	11	15	12	0	0.508
RainGage	2015	11	15	12	30	0.254
RainGage	2015	11	15	12	45	0.254
RainGage	2015	11	15	13	0	0.508
RainGage	2015	11	15	13	30	0.254
RainGage	2015	11	15	13	45	0.254
RainGage	2015	11	15	14	15	0.254
RainGage	2015	11	16	21	0	0.254
RainGage	2015	11	16	22	30	0.254
RainGage	2015	11	17	3	30	0.254
RainGage	2015	11	17	3	45	0.508
RainGage	2015	11	17	4	0	0.254
RainGage	2015	11	17	4	15	0.254
RainGage	2015	11	17	4	30	0.254
RainGage	2015	11	17	4	45	0.254
RainGage	2015	11	17	5	15	0.254
RainGage	2015	11	17	11	0	0.254
RainGage	2015	11	17	12	30	0.254
RainGage	2015	11	17	13	45	0.254
RainGage	2015	11	17	14	0	0.254
RainGage	2015	11	17	14	30	0.254
RainGage	2015	11	17	18	0	0.254
RainGage	2015	11	17	18	15	0.254
RainGage	2015	11	17	18	45	0.254
RainGage	2015	11	17	19	0	0.254
RainGage	2015	11	17	19	45	0.254
RainGage	2015	11	17	20	15	0.254
RainGage	2015	11	17	20	30	0.254
RainGage	2015	11	17	21	0	0.254
RainGage	2015	11	17	22	0	0.254
RainGage	2015	11	17	22	15	7.62
RainGage	2015	11	17	22	30	3.302
RainGage	2015	11	17	22	45	0.508
RainGage	2015	11	17	23	0	0.508
RainGage	2015	11	17	23	15	0.254
RainGage	2015	11	18	0	0	0.254
RainGage	2015	11	18	0	30	0.254
RainGage	2015	11	19	5	15	0.254
RainGage	2015	11	19	6	30	0.254
RainGage	2015	11	19	6	45	0.508
RainGage	2015	11	19	7	0	0.254
RainGage	2015	11	19	7	30	0.254
RainGage	2015	11	19	8	0	0.254
RainGage	2015	11	19	8	30	0.254
RainGage	2015	11	19	9	0	0.762
RainGage	2015	11	19	9	15	0.762
RainGage	2015	11	19	9	30	1.016
RainGage	2015	11	19	9	45	0.254
RainGage	2015	11	19	10	0	0.508
RainGage	2015	11	19	10	45	0.254
RainGage	2015	11	19	11	45	0.254
RainGage	2015	11	24	0	15	0.254
RainGage	2015	11	24	0	45	0.254
RainGage	2015	11	24	1	15	0.254
RainGage	2015	11	24	1	45	0.254
RainGage	2015	11	24	2	0	0.254
RainGage	2015	11	24	2	15	0.254
RainGage	2015	11	24	3	0	0.254
RainGage	2015	11	24	4	0	0.254
RainGage	2015	11	24	4	15	0.508
RainGage	2015	11	24	4	30	0.508
RainGage	2015	11	24	4	45	0.254
RainGage	2015	11	24	5	0	0.762
RainGage	2015	11	24	5	15	0.508
RainGage	2015	11	24	5	30	0.508
RainGage	2015	11	24	6	0	0.254
RainGage	2015	11	24	6	15	0.254
RainGage	2015	11	24	6	30	0.508
RainGage	2015	11	24	6	45	0.254
RainGage	2015	11	24	7	0	0.254
RainGage	2015	11	24	7	30	0.254
RainGage	2015	11	24	8	45	0.254
RainGage	2015	11	24	10	15	0.254
RainGage	2015	11	24	11	0	0.254
RainGage	2015	11	24	11	30	0.254
RainGage	2015	11	24	12	15	0.254
RainGage	2015	11	24	12	30	0.254
RainGage	2015	11	24	12	45	0.254
RainGage	2015	11	24	13	15	0.508
RainGage	2015	11	24	13	30	0.254
RainGage	2015	11	24	13	45	0.508
RainGage	2015	11	24	14	0	0.254
RainGage	2015	11	24	14	45	0.254
RainGage	2015	11	30	19	30	0.508
RainGage	2015	12	2	2	30	0.254
RainGage	2015	12	2	3	0	0.254
RainGage	2015	12	2	3	15	0.254
RainGage	2015	12	2	3	45	0.254
RainGage	2015	12	2	4	0	0.254
RainGage	2015	12	2	4	15	0.254
RainGage	2015	12	2	4	30	0.254
RainGage	2015	12	2	4	45	0.508
RainGage	2015	12	2	5	0	0.508
RainGage	2015	12	2	5	15	0.254
RainGage	2015	12	2	5	30	0.254
RainGage	2015	12	2	5	45	0.508
RainGage	2015	12	2	6	0	0.254
RainGage	2015	12	2	6	15	0.254
RainGage	2015	12	2	6	30	0.254
RainGage	2015	12	2	7	0	0.254
RainGage	2015	12	2	8	45	0.254
RainGage	2015	12	3	7	15	0.508
RainGage	2015	12	3	7	45	0.254
RainGage	2015	12	3	8	15	1.016
RainGage	2015	12	3	8	30	0.762
RainGage	2015	12	3	8	45	0.762
RainGage	2015	12	3	9	0	0.762
RainGage	2015	12	3	9	15	0.762
RainGage	2015	12	3	9	30	1.27
RainGage	2015	12	3	9	45	1.016
RainGage	2015	12	3	10	0	1.27
RainGage	2015	12	3	10	15	1.016
RainGage	2015	12	3	10	30	1.016
RainGage	2015	12	3	10	45	1.27
RainGage	2015	12	3	11	0	0.762
RainGage	2015	12	3	11	15	0.508
RainGage	2015	12	3	11	30	0.762
RainGage	2015	12	3	11	45	0.508
RainGage	2015	12	3	12	45	0.254
RainGage	2015	12	3	13	15	0.254
RainGage	2015	12	3	14	0	0.508
RainGage	2015	12	3	14	15	0.508
RainGage	2015	12	3	14	30	0.508
RainGage	2015	12	3	14	45	0.508
RainGage	2015	12	3	15	0	0.508
RainGage	2015	12	3	15	15	0.508
RainGage	2015	12	3	15	30	0.254
RainGage	2015	12	3	15	45	0.508
RainGage	2015	12	3	16	0	0.508
RainGage	2015	12	3	16	15	0.254
RainGage	2015	12	3	17	15	0.254
RainGage	2015	12	3	17	45	0.254
RainGage	2015	12	3	18	0	0.254
RainGage	2015	12	3	19	0	0.254
RainGage	2015	12	3	19	45	0.254
RainGage	2015	12	3	20	0	0.254
RainGage	2015	12	3	23	15	0.254
RainGage	2015	12	3	23	45	0.508
RainGage	2015	12	4	0	15	0.508
RainGage	2015	12	4	0	45	0.254
RainGage	2015	12	4	1	0	0.254
RainGage	2015	12	4	1	15	0.508
RainGage	2015	12	4	1	30	0.254
RainGage	2015	12	4	2	0	0.508
RainGage	2015	12	4	2	15	0.254
RainGage	2015	12	4	7	15	0.254
RainGage	2015	12	4	7	45	0.254
RainGage	2015	12	4	12	45	0.254
RainGage	2015	12	5	17	30	0.254
RainGage	2015	12	5	17	45	0.254
RainGage	2015	12	5	18	0	0.254
RainGage	2015	12	5	18	15	0.254
RainGage	2015	12	5	18	30	0.508
RainGage	2015	12	5	18	45	0.254
RainGage	2015	12	5	19	0	0.762
RainGage	2015	12	5	19	15	0.254
RainGage	2015	12	5	19	30	0.254
RainGage	2015	12	5	19	45	0.254
RainGage	2015	12	5	20	0	0.254
RainGage	2015	12	5	20	15	0.254
RainGage	2015	12	5	20	30	0.762
RainGage	2015	12	5	20	45	0.762
RainGage	2015	12	5	21	0	1.016
RainGage	2015	12	5	21	15	1.016
RainGage	2015	12	5	21	30	0.762
RainGage	2015	12	5	21	45	0.762
RainGage	2015	12	5	22	0	1.016
RainGage	2015	12	5	22	15	0.508
RainGage	2015	12	5	22	30	0.508
RainGage	2015	12	5	22	45	0.508
RainGage	2015	12	5	23	0	0.762
RainGage	2015	12	5	23	15	0.508
RainGage	2015	12	5	23	30	0.508
RainGage	2015	12	5	23	45	0.508
RainGage	2015	12	6	0	0	0.254
RainGage	2015	12	6	0	30	0.254
RainGage	2015	12	6	0	45	0.254
RainGage	2015	12	6	1	0	0.254
RainGage	2015	12	6	1	15	0.508
RainGage	2015	12	6	1	30	0.254
RainGage	2015	12	6	1	45	0.508
RainGage	2015	12	6	2	0	0.508
RainGage	2015	12	6	2	15	0.254
RainGage	2015	12	6	2	30	0.254
RainGage	2015	12	6	2	45	0.254
RainGage	2015	12	6	3	0	0.762
RainGage	2015	12	6	3	15	0.508
RainGage	2015	12	6	3	30	0.762
RainGage	2015	12	6	3	45	0.254
RainGage	2015	12	6	4	0	0.762
RainGage	2015	12	6	4	15	0.254
RainGage	2015	12	6	4	30	1.016
RainGage	2015	12	6	4	45	0.508
RainGage	2015	12	6	5	0	0.508
RainGage	2015	12	6	5	15	0.762
RainGage	2015	12	6	5	30	0.508
RainGage	2015	12	6	5	45	0.254
RainGage	2015	12	6	6	0	0.508
RainGage	2015	12	6	6	15	0.254
RainGage	2015	12	6	6	30	0.254
RainGage	2015	12	6	6	45	0.254
RainGage	2015	12	6	7	0	0.254
RainGage	2015	12	6	7	15	0.254
RainGage	2015	12	6	7	45	0.254
RainGage	2015	12	6	8	45	0.254
RainGage	2015	12	6	9	15	0.254
RainGage	2015	12	6	9	45	0.254
RainGage	2015	12	6	10	30	0.254
RainGage	2015	12	6	10	45	0.508
RainGage	2015	12	6	11	0	0.508
RainGage	2015	12	6	11	15	0.508
RainGage	2015	12	6	11	30	0.508
RainGage	2015	12	6	11	45	0.508
RainGage	2015	12	6	12	0	0.254
RainGage	2015	12	6	12	15	0.508
RainGage	2015	12	6	12	30	0.254
RainGage	2015	12	6	12	45	0.254
RainGage	2015	12	6	13	0	0.508
RainGage	2015	12	6	13	15	0.254
RainGage	2015	12	6	13	45	0.254
RainGage	2015	12	6	14	0	0.254
RainGage	2015	12	6	14	15	0.508
RainGage	2015	12	6	14	30	0.508
RainGage	2015	12	6	14	45	0.254
RainGage	2015	12	6	15	0	0.254
RainGage	2015	12	6	15	30	0.254
RainGage	2015	12	6	19	0	0.254
RainGage	2015	12	7	0	30	0.508
RainGage	2015	12	7	1	30	0.508
RainGage	2015	12	7	2	0	0.508
RainGage	2015	12	7	2	15	0.254
RainGage	2015	12	7	2	45	0.508
RainGage	2015	12	7	3	0	0.762
RainGage	2015	12	7	3	15	0.508
RainGage	2015	12	7	3	30	0.508
RainGage	2015	12	7	3	45	1.524
RainGage	2015	12	7	4	0	1.27
RainGage	2015	12	7	4	15	1.016
RainGage	2015	12	7	4	30	1.016
RainGage	2015	12	7	4	45	0.762
RainGage	2015	12	7	5	0	0.762
RainGage	2015	12	7	5	15	0.762
RainGage	2015	12	7	5	30	0.762
RainGage	2015	12	7	5	45	0.762
RainGage	2015	12	7	6	0	0.762
RainGage	2015	12	7	6	15	0.254
RainGage	2015	12	7	6	30	0.254
RainGage	2015	12	7	6	45	0.254
RainGage	2015	12	7	7	0	0.254
RainGage	2015	12	7	7	15	1.016
RainGage	2015	12	7	7	30	0.508
RainGage	2015	12	7	7	45	0.508
RainGage	2015	12	7	8	30	0.254
RainGage	2015	12	7	9	15	0.254
RainGage	2015	12	7	18	0	1.016
RainGage	2015	12	7	18	15	1.524
RainGage	2015	12	7	18	30	1.27
RainGage	2015	12	7	18	45	1.016
RainGage	2015	12	7	19	0	0.762
RainGage	2015	12	7	19	15	1.016
RainGage	2015	12	7	19	30	0.508
RainGage	2015	12	7	19	45	1.016
RainGage	2015	12	7	20	0	0.508
RainGage	2015	12	7	20	15	0.762
RainGage	2015	12	7	20	30	0.508
RainGage	2015	12	7	20	45	0.508
RainGage	2015	12	7	21	0	0.762
RainGage	2015	12	7	21	15	0.254
RainGage	2015	12	7	21	30	0.508
RainGage	2015	12	7	21	45	0.254
RainGage	2015	12	7	22	15	0.508
RainGage	2015	12	7	22	30	0.762
RainGage	2015	12	7	22	45	0.254
RainGage	2015	12	7	23	15	0.254
RainGage	2015	12	8	9	0	0.254
RainGage	2015	12	8	12	15	0.254
RainGage	2015	12	8	12	30	1.016
RainGage	2015	12	8	12	45	0.762
RainGage	2015	12	8	13	0	0.508
RainGage	2015	12	8	13	15	0.254
RainGage	2015	12	8	13	30	0.254
RainGage	2015	12	8	13	45	0.254
RainGage	2015	12	8	14	0	0.254
RainGage	2015	12	8	14	30	0.254
RainGage	2015	12	8	16	0	0.254
RainGage	2015	12	8	18	0	0.508
RainGage	2015	12	8	18	30	0.508
RainGage	2015	12	8	18	45	0.508
RainGage	2015	12	8	19	15	0.254
RainGage	2015	12	8	20	0	0.254
RainGage	2015	12	8	20	15	0.254
RainGage	2015	12	8	20	30	0.762
RainGage	2015	12	8	21	30	0.254
RainGage	2015	12	8	21	45	0.508
RainGage	2015	12	8	22	0	0.254
RainGage	2015	12	8	23	0	0.508
RainGage	2015	12	8	23	15	0.508
RainGage	2015	12	8	23	45	0.508
RainGage	2015	12	9	0	0	1.016
RainGage	2015	12	9	0	15	1.27
RainGage	2015	12	9	0	30	1.27
RainGage	2015	12	9	0	45	1.016
RainGage	2015	12	9	1	0	1.524
RainGage	2015	12	9	1	15	2.54
RainGage	2015	12	9	1	30	2.794
RainGage	2015	12	9	1	45	2.54
RainGage	2015	12	9	2	0	2.286
RainGage	2015	12	9	2	15	1.27
RainGage	2015	12	9	2	30	1.27
RainGage	2015	12	9	2	45	1.016
RainGage	2015	12	9	3	0	1.27
RainGage	2015	12	9	3	15	1.27
RainGage	2015	12	9	3	30	0.762
RainGage	2015	12	9	3	45	0.508
RainGage	2015	12	9	4	0	0.508
RainGage	2015	12	9	4	15	0.254
RainGage	2015	12	9	4	30	0.762
RainGage	2015	12	9	4	45	0.254
RainGage	2015	12	9	5	0	0.508
RainGage	2015	12	9	5	15	0.508
RainGage	2015	12	9	5	45	0.254
RainGage	2015	12	9	6	15	0.254
RainGage	2015	12	9	6	30	0.762
RainGage	2015	12	9	6	45	0.508
RainGage	2015	12	9	7	0	0.508
RainGage	2015	12	9	7	15	0.254
RainGage	2015	12	9	7	30	0.508
RainGage	2015	12	9	7	45	0.254
RainGage	2015	12	9	8	0	0.508
RainGage	2015	12	9	8	15	0.254
RainGage	2015	12	9	8	30	0.508
RainGage	2015	12	9	8	45	0.762
RainGage	2015	12	9	9	0	0.762
RainGage	2015	12	9	11	30	0.254
RainGage	2015	12	9	11	45	0.254
RainGage	2015	12	9	12	0	0.762
RainGage	2015	12	9	12	15	0.762
RainGage	2015	12	9	16	0	0.508
RainGage	2015	12	9	16	15	0.254
RainGage	2015	12	9	18	0	0.254
RainGage	2015	12	9	18	15	0.254
RainGage	2015	12	10	11	15	0.254
RainGage	2015	12	10	11	30	0.508
RainGage	2015	12	10	11	45	0.508
RainGage	2015	12	10	12	0	0.508
RainGage	2015	12	10	12	15	0.254
RainGage	2015	12	10	12	30	1.016
RainGage	2015	12	10	12	45	1.524
RainGage	2015	12	10	13	0	1.016
RainGage	2015	12	10	13	30	0.508
RainGage	2015	12	10	13	45	0.254
RainGage	2015	12	10	14	0	0.254
RainGage	2015	12	10	14	15	0.254
RainGage	2015	12	10	14	30	0.254
RainGage	2015	12	10	17	45	0.254
RainGage	2015	12	10	18	0	0.254
RainGage	2015	12	10	19	0	0.508
RainGage	2015	12	10	19	15	0.254
RainGage	2015	12	10	19	30	0.508
RainGage	2015	12	10	19	45	0.508
RainGage	2015	12	10	20	0	0.508
RainGage	2015	12	10	20	15	0.762
RainGage	2015	12	10	20	30	0.254
RainGage	2015	12	10	20	45	0.254
RainGage	2015	12	10	21	0	0.254
RainGage	2015	12	10	21	15	0.254
RainGage	2015	12	11	9	0	0.254
RainGage	2015	12	12	16	45	0.254
RainGage	2015	12	12	17	0	0.254
RainGage	2015	12	12	17	15	0.254
RainGage	2015	12	12	17	30	0.254
RainGage	2015	12	12	17	45	0.254
RainGage	2015	12	12	18	15	0.508
RainGage	2015	12	12	18	45	0.254
RainGage	2015	12	12	19	0	0.508
RainGage	2015	12	12	19	15	0.508
RainGage	2015	12	12	19	30	0.254
RainGage	2015	12	12	19	45	0.762
RainGage	2015	12	12	20	0	0.762
RainGage	2015	12	12	20	15	0.508
RainGage	2015	12	12	20	30	0.508
RainGage	2015	12	12	20	45	0.762
RainGage	2015	12	12	21	0	0.762
RainGage	2015	12	12	21	15	0.508
RainGage	2015	12	12	21	30	0.762
RainGage	2015	12	12	21	45	0.254
RainGage	2015	12	12	22	0	0.508
RainGage	2015	12	12	22	15	0.508
RainGage	2015	12	12	22	45	0.254
RainGage	2015	12	12	23	0	0.254
RainGage	2015	12	12	23	15	0.762
RainGage	2015	12	12	23	30	0.254
RainGage	2015	12	13	0	30	0.508
RainGage	2015	12	13	0	45	0.254
RainGage	2015	12	13	1	45	0.254
RainGage	2015	12	13	23	0	0.254
RainGage	2015	12	13	23	15	0.762
RainGage	2015	12	13	23	30	1.016
RainGage	2015	12	14	0	0	0.254
RainGage	2015	12	14	0	15	0.254
RainGage	2015	12	14	2	30	0.254
RainGage	2015	12	14	2	45	0.762
RainGage	2015	12	14	3	0	1.524
RainGage	2015	12	14	3	15	0.254
RainGage	2015	12	14	3	30	0.254
RainGage	2015	12	15	19	30	0.254
RainGage	2015	12	16	3	30	0.254
RainGage	2015	12	16	3	45	0.254
RainGage	2015	12	16	4	15	0.508
RainGage	2015	12	16	5	15	0.508
RainGage	2015	12	16	5	30	0.508
RainGage	2015	12	16	5	45	0.508
RainGage	2015	12	16	6	0	0.254
RainGage	2015	12	16	6	15	0.254
RainGage	2015	12	16	6	30	0.254
RainGage	2015	12	16	6	45	0.254
RainGage	2015	12	17	16	0	0.254
RainGage	2015	12	17	16	30	0.508
RainGage	2015	12	17	16	45	1.016
RainGage	2015	12	17	17	0	1.27
RainGage	2015	12	17	17	15	1.016
RainGage	2015	12	17	17	30	0.508
RainGage	2015	12	17	17	45	0.508
RainGage	2015	12	17	18	0	0.508
RainGage	2015	12	17	18	15	0.762
RainGage	2015	12	17	18	30	0.762
RainGage	2015	12	17	18	45	0.762
RainGage	2015	12	17	19	0	0.762
RainGage	2015	12	17	19	15	0.508
RainGage	2015	12	17	19	30	0.508
RainGage	2015	12	17	19	45	0.762
RainGage	2015	12	17	20	0	0.254
RainGage	2015	12	17	20	15	0.254
RainGage	2015	12	17	20	30	0.254
RainGage	2015	12	17	22	15	0.254
RainGage	2015	12	18	0	15	0.254
RainGage	2015	12	18	0	30	0.254
RainGage	2015	12	18	0	45	0.254
RainGage	2015	12	18	1	0	0.762
RainGage	2015	12	18	1	15	0.508
RainGage	2015	12	18	1	30	0.508
RainGage	2015	12	18	1	45	0.508
RainGage	2015	12	18	2	0	0.508
RainGage	2015	12	18	2	15	0.508
RainGage	2015	12	18	2	30	0.508
RainGage	2015	12	18	2	45	0.254
RainGage	2015	12	18	3	0	0.508
RainGage	2015	12	18	3	15	0.508
RainGage	2015	12	18	3	30	0.254
RainGage	2015	12	18	3	45	0.508
RainGage	2015	12	18	4	0	1.016
RainGage	2015	12	18	4	15	1.016
RainGage	2015	12	18	4	30	0.762
RainGage	2015	12	18	4	45	0.762
RainGage	2015	12	18	5	0	0.508
RainGage	2015	12	18	5	15	0.254
RainGage	2015	12	18	5	45	0.254
RainGage	2015	12	18	6	0	0.254
RainGage	2015	12	18	6	15	0.254
RainGage	2015	12	18	6	45	0.254
RainGage	2015	12	18	7	15	0.254
RainGage	2015	12	18	8	0	0.508
RainGage	2015	12	18	8	15	0.508
RainGage	2015	12	18	8	30	1.27
RainGage	2015	12	18	8	45	0.254
RainGage	2015	12	18	9	0	0.508
RainGage	2015	12	18	9	15	0.762
RainGage	2015	12	18	9	30	1.016
RainGage	2015	12	18	9	45	1.524
RainGage	2015	12	18	10	0	1.524
RainGage	2015	12	18	10	15	0.254
RainGage	2015	12	18	10	30	0.254
RainGage	2015	12	18	10	45	0.254
RainGage	2015	12	18	15	30	1.524
RainGage	2015	12	20	10	0	0.254
RainGage	2015	12	20	10	15	0.254
RainGage	2015	12	20	11	0	0.254
RainGage	2015	12	20	11	15	0.254
RainGage	2015	12	20	11	30	0.254
RainGage	2015	12	20	11	45	0.508
RainGage	2015	12	20	12	30	0.254
RainGage	2015	12	20	12	45	0.254
RainGage	2015	12	20	13	0	0.254
RainGage	2015	12	20	13	15	0.508
RainGage	2015	12	20	13	30	0.508
RainGage	2015	12	20	13	45	0.254
RainGage	2015	12	20	14	0	0.508
RainGage	2015	12	20	14	15	0.254
RainGage	2015	12	20	14	30	0.508
RainGage	2015	12	20	14	45	0.254
RainGage	2015	12	20	15	0	0.508
RainGage	2015	12	20	15	45	0.254
RainGage	2015	12	20	17	0	0.254
RainGage	2015	12	21	12	0	0.254
RainGage	2015	12	21	15	15	0.254
RainGage	2015	12	21	15	45	0.254
RainGage	2015	12	21	16	15	0.254
RainGage	2015	12	21	16	45	0.254
RainGage	2015	12	21	17	0	0.254
RainGage	2015	12	21	17	15	0.254
RainGage	2015	12	21	17	30	0.254
RainGage	2015	12	21	17	45	0.254
RainGage	2015	12	21	18	0	0.254
RainGage	2015	12	21	18	15	0.508
RainGage	2015	12	21	18	30	0.254
RainGage	2015	12	21	18	45	0.254
RainGage	2015	12	21	19	0	0.254
RainGage	2015	12	21	19	15	0.254
RainGage	2015	12	21	20	0	0.254
RainGage	2015	12	21	20	30	0.254
RainGage	2015	12	21	20	45	0.254
RainGage	2015	12	21	21	0	0.254
RainGage	2015	12	21	21	15	0.508
RainGage	2015	12	21	21	30	0.762
RainGage	2015	12	21	21	45	0.762
RainGage	2015	12	21	22	0	0.762
RainGage	2015	12	21	22	15	0.254
RainGage	2015	12	21	22	30	0.254
RainGage	2015	12	21	23	0	0.254
RainGage	2015	12	21	23	15	0.254
RainGage	2015	12	22	0	0	0.254
RainGage	2015	12	22	0	45	0.254
RainGage	2015	12	22	3	45	0.508
RainGage	2015	12	22	4	0	0.762
RainGage	2015	12	22	4	15	0.254
RainGage	2015	12	22	5	45	0.254
RainGage	2015	12	23	2	45	0.254
RainGage	2015	12	23	3	0	0.254
RainGage	2015	12	23	3	15	0.254
RainGage	2015	12	23	3	30	0.508
RainGage	2015	12	23	3	45	0.508
RainGage	2015	12	23	4	0	0.254
RainGage	2015	12	23	4	15	0.254
RainGage	2015	12	23	4	30	0.254
RainGage	2015	12	23	5	45	0.254
RainGage	2015	12	23	6	15	0.254
RainGage	2015	12	23	7	0	0.762
RainGage	2015	12	23	7	15	0.508
RainGage	2015	12	23	8	30	0.254
RainGage	2015	12	24	4	45	0.254
RainGage	2015	12	24	6	15	0.254
RainGage	2015	12	24	6	30	0.508
RainGage	2015	12	24	7	0	0.254
RainGage	2015	12	24	7	15	0.508
RainGage	2015	12	24	7	30	0.508
RainGage	2015	12	24	8	0	0.254
RainGage	2015	12	24	8	30	0.254
RainGage	2015	12	24	9	0	0.254
RainGage	2015	12	24	13	0	0.254
RainGage	2015	12	24	13	15	0.508
RainGage	2015	12	24	13	30	0.508
RainGage	2015	12	24	13	45	0.254
RainGage	2015	12	24	14	15	0.508
RainGage	2015	12	24	14	30	0.254
RainGage	2015	12	24	14	45	0.508
RainGage	2015	12	24	15	0	0.254
RainGage	2015	12	24	15	15	0.254
RainGage	2015	12	24	16	0	0.254
RainGage	2015	12	24	21	0	0.254
RainGage	2015	12	25	0	45	0.254
RainGage	2015	12	25	1	15	0.254
RainGage	2015	12	25	1	30	0.254
RainGage	2015	12	27	18	15	0.254
RainGage	2015	12	27	18	30	0.254
RainGage	2015	12	27	18	45	0.254
RainGage	2015	12	27	19	0	0.508
RainGage	2015	12	27	19	15	0.508
RainGage	2015	12	27	19	30	0.254
RainGage	2015	12	27	19	45	0.508
RainGage	2015	12	27	20	0	0.508
RainGage	2015	12	27	20	15	0.254
RainGage	2015	12	27	20	30	0.508
RainGage	2015	12	27	21	0	0.254
RainGage	2015	12	27	21	30	0.254
RainGage	2015	12	27	22	45	0.254
RainGage	2015	12	27	23	15	0.254
RainGage	2015	12	27	23	30	0.254
RainGage	2015	12	27	23	45	0.254
RainGage	2015	12	28	0	0	0.254
RainGage	2015	12	28	0	30	0.254
RainGage	2015	12	28	0	45	0.254
RainGage	2015	12	28	1	30	0.254
RainGage	2015	12	28	2	0	0.508
RainGage	2015	12	28	2	15	0.254
RainGage	2015	12	28	3	0	0.254
RainGage	2015	12	28	4	15	0.254
RainGage	2015	12	28	8	15	0.254
RainGage	2015	12	28	8	45	0.254
RainGage	2015	12	28	9	0	0.254
RainGage	2015	12	28	9	30	0.254
RainGage	2015	12	28	10	0	0.254
RainGage	2015	12	28	12	30	0.254
RainGage	2016	1	3	22	30	0.254
RainGage	2016	1	4	8	0	0.254
RainGage	2016	1	4	10	30	0.254
RainGage	2016	1	4	11	45	0.254
RainGage	2016	1	4	16	45	0.254
RainGage	2016	1	4	18	0	0.254
RainGage	2016	1	4	18	45	0.254
RainGage	2016	1	4	20	15	0.254
RainGage	2016	1	4	20	45	0.254
RainGage	2016	1	4	21	0	0.254
RainGage	2016	1	4	21	30	0.254
RainGage	2016	1	4	22	15	0.254
RainGage	2016	1	4	22	45	0.254
RainGage	2016	1	4	23	30	0.254
RainGage	2016	1	4	23	45	0.254
RainGage	2016	1	5	0	0	0.254
RainGage	2016	1	5	0	15	0.254
RainGage	2016	1	5	0	30	0.254
RainGage	2016	1	5	6	30	0.254
RainGage	2016	1	5	17	45	0.254
RainGage	2016	1	5	20	30	0.254
RainGage	2016	1	5	22	0	0.254
RainGage	2016	1	5	22	30	0.254
RainGage	2016	1	5	23	30	0.254
RainGage	2016	1	6	0	0	0.254
RainGage	2016	1	6	0	15	0.254
RainGage	2016	1	6	1	0	0.254
RainGage	2016	1	11	19	45	0.254
RainGage	2016	1	11	20	0	0.508
RainGage	2016	1	11	20	15	0.254
RainGage	2016	1	11	21	45	0.254
RainGage	2016	1	12	0	30	0.254
RainGage	2016	1	12	1	15	0.254
RainGage	2016	1	12	2	30	0.254
RainGage	2016	1	12	3	30	0.254
RainGage	2016	1	12	3	45	0.254
RainGage	2016	1	12	4	15	0.254
RainGage	2016	1	12	12	0	0.254
RainGage	2016	1	12	12	15	0.254
RainGage	2016	1	12	12	30	0.254
RainGage	2016	1	12	13	0	0.254
RainGage	2016	1	12	17	30	0.254
RainGage	2016	1	12	18	0	0.254
RainGage	2016	1	12	18	15	0.254
RainGage	2016	1	12	18	45	0.254
RainGage	2016	1	12	20	30	0.254
RainGage	2016	1	12	21	15	0.508
RainGage	2016	1	12	22	0	0.508
RainGage	2016	1	12	22	30	0.254
RainGage	2016	1	12	23	0	0.254
RainGage	2016	1	12	23	30	0.254
RainGage	2016	1	12	23	45	0.254
RainGage	2016	1	13	0	15	0.508
RainGage	2016	1	13	0	30	0.254
RainGage	2016	1	13	0	45	0.508
RainGage	2016	1	13	1	0	0.254
RainGage	2016	1	13	1	15	0.508
RainGage	2016	1	13	1	30	0.762
RainGage	2016	1	13	1	45	0.254
RainGage	2016	1	13	2	0	0.508
RainGage	2016	1	13	2	15	0.508
RainGage	2016	1	13	2	30	0.762
RainGage	2016	1	13	2	45	0.508
RainGage	2016	1	13	3	0	0.762
RainGage	2016	1	13	3	15	0.254
RainGage	2016	1	13	3	30	0.254
RainGage	2016	1	13	3	45	0.254
RainGage	2016	1	13	4	0	0.508
RainGage	2016	1	13	4	15	0.254
RainGage	2016	1	13	4	30	0.254
RainGage	2016	1	13	4	45	0.254
RainGage	2016	1	13	5	0	0.254
RainGage	2016	1	13	5	30	0.254
RainGage	2016	1	13	5	45	0.254
RainGage	2016	1	13	6	0	0.254
RainGage	2016	1	13	6	15	0.254
RainGage	2016	1	13	6	30	0.254
RainGage	2016	1	13	13	30	1.016
RainGage	2016	1	13	13	45	0.762
RainGage	2016	1	13	14	0	1.27
RainGage	2016	1	13	14	15	0.254
RainGage	2016	1	13	14	30	0.762
RainGage	2016	1	13	14	45	0.508
RainGage	2016	1	13	15	0	0.508
RainGage	2016	1	13	15	15	0.508
RainGage	2016	1	13	15	30	0.762
RainGage	2016	1	13	15	45	1.016
RainGage	2016	1	13	16	0	0.762
RainGage	2016	1	13	16	15	1.016
RainGage	2016	1	13	16	30	0.508
RainGage	2016	1	13	16	45	0.254
RainGage	2016	1	13	17	0	0.508
RainGage	2016	1	13	17	15	0.254
RainGage	2016	1	14	1	0	0.254
RainGage	2016	1	14	1	45	0.254
RainGage	2016	1	15	15	15	0.254
RainGage	2016	1	15	16	15	0.254
RainGage	2016	1	15	19	30	0.254
RainGage	2016	1	16	6	45	0.254
RainGage	2016	1	16	8	30	0.254
RainGage	2016	1	16	8	45	0.254
RainGage	2016	1	16	12	45	0.254
RainGage	2016	1	16	13	0	0.254
RainGage	2016	1	16	13	15	0.254
RainGage	2016	1	16	13	30	0.254
RainGage	2016	1	16	13	45	0.508
RainGage	2016	1	16	14	0	0.508
RainGage	2016	1	16	14	15	0.762
RainGage	2016	1	16	14	30	0.508
RainGage	2016	1	16	14	45	0.508
RainGage	2016	1	16	15	0	0.508
RainGage	2016	1	16	15	15	0.508
RainGage	2016	1	16	15	30	0.254
RainGage	2016	1	16	15	45	0.508
RainGage	2016	1	16	16	15	0.254
RainGage	2016	1	16	16	45	0.254
RainGage	2016	1	16	19	15	0.254
RainGage	2016	1	16	22	45	0.254
RainGage	2016	1	16	23	15	0.762
RainGage	2016	1	16	23	30	0.254
RainGage	2016	1	17	1	45	0.254
RainGage	2016	1	17	15	0	0.254
RainGage	2016	1	17	15	15	0.508
RainGage	2016	1	17	15	30	1.016
RainGage	2016	1	17	15	45	0.762
RainGage	2016	1	17	16	0	0.762
RainGage	2016	1	17	16	15	0.762
RainGage	2016	1	17	16	30	0.508
RainGage	2016	1	17	16	45	0.508
RainGage	2016	1	17	17	0	0.508
RainGage	2016	1	17	17	30	0.254
RainGage	2016	1	17	17	45	0.254
RainGage	2016	1	17	18	0	0.254
RainGage	2016	1	17	18	15	0.254
RainGage	2016	1	17	18	30	0.254
RainGage	2016	1	17	19	0	0.254
RainGage	2016	1	17	20	30	0.254
RainGage	2016	1	17	21	15	0.254
RainGage	2016	1	17	22	15	0.508
RainGage	2016	1	17	23	15	0.254
RainGage	2016	1	18	2	0	0.254
RainGage	2016	1	18	4	30	0.254
RainGage	2016	1	18	6	30	0.254
RainGage	2016	1	18	6	45	0.254
RainGage	2016	1	18	7	0	1.27
RainGage	2016	1	18	7	15	0.762
RainGage	2016	1	18	7	45	1.778
RainGage	2016	1	18	8	0	0.254
RainGage	2016	1	18	8	15	0.254
RainGage	2016	1	18	9	0	0.508
RainGage	2016	1	18	9	15	0.762
RainGage	2016	1	18	9	30	0.508
RainGage	2016	1	19	4	0	0.508
RainGage	2016	1	19	4	15	0.254
RainGage	2016	1	19	4	30	0.254
RainGage	2016	1	19	4	45	0.254
RainGage	2016	1	19	5	0	0.254
RainGage	2016	1	19	6	45	0.254
RainGage	2016	1	19	23	15	0.254
RainGage	2016	1	20	0	15	0.254
RainGage	2016	1	20	0	30	0.254
RainGage	2016	1	20	1	0	0.508
RainGage	2016	1	20	1	15	0.254
RainGage	2016	1	20	1	30	0.508
RainGage	2016	1	20	1	45	0.508
RainGage	2016	1	20	2	0	0.254
RainGage	2016	1	20	2	15	0.508
RainGage	2016	1	20	2	45	0.508
RainGage	2016	1	20	3	0	0.254
RainGage	2016	1	20	3	15	0.254
RainGage	2016	1	20	3	30	0.254
RainGage	2016	1	20	3	45	0.254
RainGage	2016	1	20	4	0	0.254
RainGage	2016	1	20	4	15	0.254
RainGage	2016	1	20	4	30	0.254
RainGage	2016	1	20	5	0	0.254
RainGage	2016	1	20	5	30	0.254
RainGage	2016	1	20	7	45	0.254
RainGage	2016	1	21	6	30	0.254
RainGage	2016	1	21	7	0	0.254
RainGage	2016	1	21	8	15	0.254
RainGage	2016	1	21	8	30	0.254
RainGage	2016	1	21	8	45	0.254
RainGage	2016	1	21	9	0	0.254
RainGage	2016	1	21	9	15	0.254
RainGage	2016	1	21	9	45	0.254
RainGage	2016	1	21	10	0	0.254
RainGage	2016	1	21	10	15	0.254
RainGage	2016	1	21	10	45	0.254
RainGage	2016	1	21	11	0	0.508
RainGage	2016	1	21	11	15	0.254
RainGage	2016	1	21	11	30	0.508
RainGage	2016	1	21	11	45	0.508
RainGage	2016	1	21	12	0	0.508
RainGage	2016	1	21	12	15	0.762
RainGage	2016	1	21	12	30	0.762
RainGage	2016	1	21	12	45	0.762
RainGage	2016	1	21	13	0	1.016
RainGage	2016	1	21	13	15	1.016
RainGage	2016	1	21	13	30	1.016
RainGage	2016	1	21	13	45	1.016
RainGage	2016	1	21	14	0	0.508
RainGage	2016	1	21	14	15	0.508
RainGage	2016	1	21	14	30	1.27
RainGage	2016	1	21	14	45	1.016
RainGage	2016	1	21	15	0	0.508
RainGage	2016	1	21	15	15	1.016
RainGage	2016	1	21	15	30	0.508
RainGage	2016	1	21	15	45	1.27
RainGage	2016	1	21	16	0	1.524
RainGage	2016	1	21	16	15	0.508
RainGage	2016	1	21	16	30	0.508
RainGage	2016	1	21	16	45	1.016
RainGage	2016	1	21	17	0	1.778
RainGage	2016	1	21	17	15	0.508
RainGage	2016	1	21	17	30	1.778
RainGage	2016	1	21	17	45	1.524
RainGage	2016	1	21	18	0	1.27
RainGage	2016	1	21	18	15	0.762
RainGage	2016	1	21	18	30	0.508
RainGage	2016	1	21	18	45	1.016
RainGage	2016	1	21	19	0	1.016
RainGage	2016	1	21	19	15	0.254
RainGage	2016	1	21	19	30	0.254
RainGage	2016	1	21	19	45	1.524
RainGage	2016	1	21	20	0	1.778
RainGage	2016	1	21	20	15	1.524
RainGage	2016	1	21	20	30	1.016
RainGage	2016	1	21	20	45	1.27
RainGage	2016	1	21	21	0	1.778
RainGage	2016	1	21	21	15	1.27
RainGage	2016	1	21	21	30	1.016
RainGage	2016	1	21	21	45	1.778
RainGage	2016	1	21	22	0	1.524
RainGage	2016	1	21	22	15	0.762
RainGage	2016	1	21	22	30	1.016
RainGage	2016	1	21	22	45	0.254
RainGage	2016	1	21	23	0	0.508
RainGage	2016	1	21	23	15	1.27
RainGage	2016	1	21	23	30	1.016
RainGage	2016	1	21	23	45	1.016
RainGage	2016	1	22	0	0	0.254
RainGage	2016	1	22	0	30	0.254
RainGage	2016	1	22	0	45	0.254
RainGage	2016	1	22	1	0	0.508
RainGage	2016	1	22	1	15	0.254
RainGage	2016	1	22	1	45	0.508
RainGage	2016	1	22	2	0	0.254
RainGage	2016	1	22	2	45	0.254
RainGage	2016	1	22	3	0	0.254
RainGage	2016	1	22	3	15	0.254
RainGage	2016	1	22	3	30	0.508
RainGage	2016	1	22	3	45	0.508
RainGage	2016	1	22	4	0	0.508
RainGage	2016	1	22	4	15	0.508
RainGage	2016	1	22	4	30	0.508
RainGage	2016	1	22	4	45	0.762
RainGage	2016	1	22	5	0	0.762
RainGage	2016	1	22	5	15	0.508
RainGage	2016	1	22	5	30	0.508
RainGage	2016	1	22	5	45	1.016
RainGage	2016	1	22	6	0	0.762
RainGage	2016	1	22	6	15	0.762
RainGage	2016	1	22	6	30	0.254
RainGage	2016	1	22	6	45	0.508
RainGage	2016	1	22	7	0	0.508
RainGage	2016	1	22	7	30	0.508
RainGage	2016	1	22	8	0	0.254
RainGage	2016	1	22	8	30	0.254
RainGage	2016	1	22	8	45	0.254
RainGage	2016	1	22	9	30	0.254
RainGage	2016	1	22	10	30	0.254
RainGage	2016	1	22	11	15	0.254
RainGage	2016	1	22	12	15	0.254
RainGage	2016	1	22	12	30	0.254
RainGage	2016	1	22	12	45	0.508
RainGage	2016	1	22	13	0	0.254
RainGage	2016	1	22	13	15	0.508
RainGage	2016	1	22	13	30	0.508
RainGage	2016	1	22	13	45	0.508
RainGage	2016	1	22	14	0	0.508
RainGage	2016	1	23	16	45	0.254
RainGage	2016	1	23	17	30	0.508
RainGage	2016	1	23	18	15	0.254
RainGage	2016	1	23	18	30	0.254
RainGage	2016	1	23	19	0	0.254
RainGage	2016	1	23	19	15	0.254
RainGage	2016	1	23	19	45	0.254
RainGage	2016	1	23	20	15	0.254
RainGage	2016	1	23	20	30	0.254
RainGage	2016	1	23	20	45	0.508
RainGage	2016	1	23	21	0	0.254
RainGage	2016	1	23	21	15	0.254
RainGage	2016	1	23	21	30	0.254
RainGage	2016	1	23	21	45	0.254
RainGage	2016	1	23	22	0	0.254
RainGage	2016	1	23	22	15	0.254
RainGage	2016	1	23	22	30	0.254
RainGage	2016	1	23	23	0	0.254
RainGage	2016	1	23	23	15	0.254
RainGage	2016	1	24	0	15	0.254
RainGage	2016	1	24	1	0	0.254
RainGage	2016	1	24	6	15	0.254
RainGage	2016	1	24	10	30	0.508
RainGage	2016	1	24	10	45	0.762
RainGage	2016	1	24	11	0	1.016
RainGage	2016	1	24	11	15	0.762
RainGage	2016	1	24	11	30	0.254
RainGage	2016	1	26	17	0	0.254
RainGage	2016	1	26	19	0	0.254
RainGage	2016	1	26	19	15	0.254
RainGage	2016	1	26	19	30	0.254
RainGage	2016	1	28	0	45	0.254
RainGage	2016	1	28	1	15	0.254
RainGage	2016	1	28	2	15	0.254
RainGage	2016	1	28	2	30	0.508
RainGage	2016	1	28	2	45	0.762
RainGage	2016	1	28	3	0	0.762
RainGage	2016	1	28	3	15	0.762
RainGage	2016	1	28	3	30	1.016
RainGage	2016	1	28	3	45	0.762
RainGage	2016	1	28	4	0	1.27
RainGage	2016	1	28	4	15	1.778
RainGage	2016	1	28	4	30	1.778
RainGage	2016	1	28	4	45	1.524
RainGage	2016	1	28	5	0	1.016
RainGage	2016	1	28	5	15	1.016
RainGage	2016	1	28	5	30	1.27
RainGage	2016	1	28	5	45	0.762
RainGage	2016	1	28	6	0	0.762
RainGage	2016	1	28	6	15	1.016
RainGage	2016	1	28	6	30	0.762
RainGage	2016	1	28	6	45	0.508
RainGage	2016	1	28	7	0	0.508
RainGage	2016	1	28	7	15	0.508
RainGage	2016	1	28	7	30	0.254
RainGage	2016	1	28	7	45	0.508
RainGage	2016	1	28	8	0	0.508
RainGage	2016	1	28	8	15	0.508
RainGage	2016	1	28	8	30	0.254
RainGage	2016	1	28	8	45	0.254
RainGage	2016	1	28	9	0	0.254
RainGage	2016	1	28	9	15	0.254
RainGage	2016	1	28	9	45	0.254
RainGage	2016	1	28	10	0	0.508
RainGage	2016	1	28	10	30	0.508
RainGage	2016	1	28	10	45	0.762
RainGage	2016	1	28	11	0	0.508
RainGage	2016	1	28	11	15	0.254
RainGage	2016	1	28	11	30	0.254
RainGage	2016	1	28	11	45	0.254
RainGage	2016	1	28	12	0	0.254
RainGage	2016	1	28	12	15	0.254
RainGage	2016	1	28	13	15	0.254
RainGage	2016	1	28	13	30	0.254
RainGage	2016	1	28	13	45	0.508
RainGage	2016	1	28	14	15	0.508
RainGage	2016	1	28	14	30	0.254
RainGage	2016	1	28	15	15	0.254
RainGage	2016	1	28	15	30	0.254
RainGage	2016	1	28	15	45	1.27
RainGage	2016	1	28	16	0	2.794
RainGage	2016	1	28	16	15	3.048
RainGage	2016	1	28	16	30	1.016
RainGage	2016	1	28	16	45	0.508
RainGage	2016	1	28	17	0	0.508
RainGage	2016	1	28	17	15	0.254
RainGage	2016	1	28	17	45	0.508
RainGage	2016	1	28	18	0	0.254
RainGage	2016	1	28	18	15	0.254
RainGage	2016	1	28	18	45	0.254
RainGage	2016	1	28	19	30	0.254
RainGage	2016	1	28	22	30	0.254
RainGage	2016	1	28	23	45	0.254
RainGage	2016	1	29	0	0	1.27
RainGage	2016	1	29	16	0	0.254
RainGage	2016	1	29	16	15	0.254
RainGage	2016	1	29	16	45	0.254
RainGage	2016	1	29	17	0	0.508
RainGage	2016	1	29	17	15	0.508
RainGage	2016	1	29	17	30	0.762
RainGage	2016	1	29	17	45	0.508
RainGage	2016	1	29	18	0	0.254
RainGage	2016	1	29	18	15	0.508
RainGage	2016	1	29	19	15	0.254
RainGage	2016	2	1	5	45	0.254
RainGage	2016	2	1	6	15	0.254
RainGage	2016	2	3	8	15	0.254
RainGage	2016	2	3	9	0	0.508
RainGage	2016	2	3	9	15	0.254
RainGage	2016	2	3	22	45	0.254
RainGage	2016	2	3	23	15	0.254
RainGage	2016	2	3	23	45	0.254
RainGage	2016	2	4	0	15	0.254
RainGage	2016	2	4	0	30	0.254
RainGage	2016	2	4	1	0	0.254
RainGage	2016	2	4	1	15	0.254
RainGage	2016	2	4	1	30	0.254
RainGage	2016	2	4	1	45	0.508
RainGage	2016	2	4	2	0	0.762
RainGage	2016	2	4	2	15	0.762
RainGage	2016	2	4	2	30	0.508
RainGage	2016	2	4	2	45	0.508
RainGage	2016	2	4	3	0	0.254
RainGage	2016	2	4	22	45	0.254
RainGage	2016	2	6	1	0	0.508
RainGage	2016	2	6	1	15	0.254
RainGage	2016	2	6	1	30	0.508
RainGage	2016	2	6	1	45	0.254
RainGage	2016	2	6	3	0	0.254
RainGage	2016	2	6	6	15	0.254
RainGage	2016	2	6	6	30	0.508
RainGage	2016	2	6	6	45	0.254
RainGage	2016	2	6	7	15	0.508
RainGage	2016	2	9	20	0	0.254
RainGage	2016	2	10	18	45	0.762
RainGage	2016	2	10	19	0	0.508
RainGage	2016	2	12	1	15	0.254
RainGage	2016	2	12	1	30	0.254
RainGage	2016	2	12	2	30	0.254
RainGage	2016	2	12	3	15	0.254
RainGage	2016	2	12	3	45	0.254
RainGage	2016	2	12	5	15	0.254
RainGage	2016	2	12	5	30	0.254
RainGage	2016	2	12	6	0	0.254
RainGage	2016	2	12	6	15	0.508
RainGage	2016	2	12	6	30	0.254
RainGage	2016	2	12	7	15	0.254
RainGage	2016	2	12	8	0	0.254
RainGage	2016	2	12	8	15	1.016
RainGage	2016	2	12	8	30	0.254
RainGage	2016	2	12	8	45	1.27
RainGage	2016	2	12	9	0	1.778
RainGage	2016	2	12	9	15	1.524
RainGage	2016	2	12	9	30	0.254
RainGage	2016	2	12	11	15	0.254
RainGage	2016	2	12	11	45	0.254
RainGage	2016	2	12	12	45	0.254
RainGage	2016	2	12	17	15	1.016
RainGage	2016	2	12	17	30	3.048
RainGage	2016	2	12	17	45	3.048
RainGage	2016	2	12	18	0	0.508
RainGage	2016	2	12	18	15	1.524
RainGage	2016	2	12	18	30	0.508
RainGage	2016	2	13	8	45	0.254
RainGage	2016	2	13	9	0	0.254
RainGage	2016	2	13	22	15	0.254
RainGage	2016	2	13	23	15	0.254
RainGage	2016	2	14	0	30	0.254
RainGage	2016	2	14	1	30	0.254
RainGage	2016	2	14	2	0	0.254
RainGage	2016	2	14	14	0	0.254
RainGage	2016	2	14	14	30	0.254
RainGage	2016	2	14	15	0	0.254
RainGage	2016	2	14	19	15	0.254
RainGage	2016	2	15	2	45	0.254
RainGage	2016	2	15	3	30	0.254
RainGage	2016	2	15	3	45	0.254
RainGage	2016	2	15	4	0	0.508
RainGage	2016	2	15	4	15	0.254
RainGage	2016	2	15	6	15	0.254
RainGage	2016	2	15	14	45	0.254
RainGage	2016	2	15	15	15	0.254
RainGage	2016	2	15	15	30	0.508
RainGage	2016	2	15	15	45	0.762
RainGage	2016	2	15	16	0	0.762
RainGage	2016	2	15	16	15	1.524
RainGage	2016	2	15	16	30	1.524
RainGage	2016	2	15	16	45	1.27
RainGage	2016	2	15	17	0	1.016
RainGage	2016	2	15	17	15	1.016
RainGage	2016	2	15	17	30	1.016
RainGage	2016	2	15	17	45	1.524
RainGage	2016	2	15	18	0	1.27
RainGage	2016	2	15	18	15	0.508
RainGage	2016	2	15	18	30	0.254
RainGage	2016	2	15	18	45	0.254
RainGage	2016	2	15	19	30	0.508
RainGage	2016	2	15	19	45	0.254
RainGage	2016	2	15	21	15	0.254
RainGage	2016	2	16	2	30	0.254
RainGage	2016	2	16	6	30	0.254
RainGage	2016	2	16	9	30	0.254
RainGage	2016	2	16	9	45	0.254
RainGage	2016	2	16	10	15	0.254
RainGage	2016	2	16	10	45	0.254
RainGage	2016	2	16	12	0	0.254
RainGage	2016	2	16	12	30	0.254
RainGage	2016	2	16	12	45	0.254
RainGage	2016	2	16	13	0	0.762
RainGage	2016	2	16	13	15	0.254
RainGage	2016	2	17	23	0	0.254
RainGage	2016	2	17	23	30	0.508
RainGage	2016	2	18	0	0	0.254
RainGage	2016	2	18	3	15	0.254
RainGage	2016	2	18	3	45	0.254
RainGage	2016	2	18	4	0	0.254
RainGage	2016	2	18	4	15	0.508
RainGage	2016	2	18	4	30	1.016
RainGage	2016	2	18	4	45	1.778
RainGage	2016	2	18	5	0	1.27
RainGage	2016	2	18	5	15	0.254
RainGage	2016	2	18	5	45	0.508
RainGage	2016	2	18	6	0	0.508
RainGage	2016	2	18	6	15	0.508
RainGage	2016	2	18	6	30	0.254
RainGage	2016	2	18	7	45	0.254
RainGage	2016	2	19	5	15	0.254
RainGage	2016	2	19	7	0	0.254
RainGage	2016	2	19	13	0	0.254
RainGage	2016	2	19	13	45	0.254
RainGage	2016	2	19	14	0	0.254
RainGage	2016	2	19	14	30	0.254
RainGage	2016	2	19	14	45	0.254
RainGage	2016	2	19	15	30	0.254
RainGage	2016	2	19	15	45	0.254
RainGage	2016	2	19	16	0	0.254
RainGage	2016	2	19	16	15	0.508
RainGage	2016	2	19	16	30	0.254
RainGage	2016	2	19	16	45	0.508
RainGage	2016	2	19	17	0	0.254
RainGage	2016	2	19	17	45	0.254
RainGage	2016	2	19	18	15	0.254
RainGage	2016	2	19	19	30	0.254
RainGage	2016	2	19	19	45	0.254
RainGage	2016	2	19	20	0	0.254
RainGage	2016	2	19	20	30	0.254
RainGage	2016	2	19	20	45	0.254
RainGage	2016	2	19	21	0	0.254
RainGage	2016	2	19	21	15	0.508
RainGage	2016	2	19	21	30	1.524
RainGage	2016	2	19	21	45	0.254
RainGage	2016	2	21	20	30	0.762
RainGage	2016	2	21	20	45	0.254
RainGage	2016	2	21	21	0	0.508
RainGage	2016	2	27	1	0	0.254
RainGage	2016	2	27	1	15	0.254
RainGage	2016	2	27	1	30	0.254
RainGage	2016	2	27	1	45	0.508
RainGage	2016	2	27	2	0	0.254
RainGage	2016	2	27	2	15	0.254
RainGage	2016	2	27	2	30	0.254
RainGage	2016	2	27	2	45	0.254
RainGage	2016	2	27	3	0	0.254
RainGage	2016	2	27	3	15	0.254
RainGage	2016	2	27	7	30	0.254
RainGage	2016	2	27	7	45	0.254
RainGage	2016	2	27	8	30	0.254
RainGage	2016	2	27	8	45	0.254
RainGage	2016	2	27	9	0	0.254
RainGage	2016	2	27	9	45	0.254
RainGage	2016	2	27	10	30	0.254
RainGage	2016	2	27	16	0	0.254
RainGage	2016	2	28	14	0	0.254
RainGage	2016	2	28	15	45	0.254
RainGage	2016	2	28	16	0	0.254
RainGage	2016	2	28	16	15	0.254
RainGage	2016	2	28	16	30	0.508
RainGage	2016	2	28	16	45	0.254
RainGage	2016	2	28	17	30	0.508
RainGage	2016	2	28	17	45	0.762
RainGage	2016	3	1	7	0	0.254
RainGage	2016	3	1	7	30	0.254
RainGage	2016	3	1	8	30	0.254
RainGage	2016	3	1	9	15	0.254
RainGage	2016	3	1	11	0	0.254
RainGage	2016	3	1	11	30	0.254
RainGage	2016	3	1	11	45	0.254
RainGage	2016	3	1	12	30	0.254
RainGage	2016	3	1	12	45	0.254
RainGage	2016	3	1	13	0	0.254
RainGage	2016	3	1	13	15	0.254
RainGage	2016	3	1	13	30	0.254
RainGage	2016	3	1	13	45	0.508
RainGage	2016	3	1	14	0	0.254
RainGage	2016	3	1	14	15	0.762
RainGage	2016	3	1	14	30	0.254
RainGage	2016	3	1	14	45	0.254
RainGage	2016	3	1	15	0	0.762
RainGage	2016	3	1	15	15	0.762
RainGage	2016	3	1	15	30	0.508
RainGage	2016	3	1	15	45	0.508
RainGage	2016	3	1	16	30	0.254
RainGage	2016	3	1	18	0	0.254
RainGage	2016	3	1	18	15	0.254
RainGage	2016	3	1	18	30	0.508
RainGage	2016	3	1	18	45	1.016
RainGage	2016	3	1	19	0	0.762
RainGage	2016	3	1	19	15	1.27
RainGage	2016	3	1	19	30	0.254
RainGage	2016	3	1	19	45	0.508
RainGage	2016	3	1	20	0	0.254
RainGage	2016	3	1	22	0	0.762
RainGage	2016	3	1	22	15	0.762
RainGage	2016	3	1	23	30	0.254
RainGage	2016	3	2	2	30	0.254
RainGage	2016	3	2	2	45	0.762
RainGage	2016	3	2	3	0	0.254
RainGage	2016	3	2	4	15	0.254
RainGage	2016	3	2	4	30	0.254
RainGage	2016	3	2	5	0	0.254
RainGage	2016	3	2	5	30	0.254
RainGage	2016	3	2	6	15	0.254
RainGage	2016	3	2	10	0	0.254
RainGage	2016	3	3	2	30	0.254
RainGage	2016	3	3	2	45	0.254
RainGage	2016	3	3	3	0	0.254
RainGage	2016	3	3	3	15	0.254
RainGage	2016	3	3	5	30	0.254
RainGage	2016	3	3	5	45	0.508
RainGage	2016	3	3	6	0	0.254
RainGage	2016	3	3	6	15	0.508
RainGage	2016	3	3	6	30	0.508
RainGage	2016	3	3	6	45	0.254
RainGage	2016	3	3	7	0	0.762
RainGage	2016	3	3	7	45	0.254
RainGage	2016	3	3	18	45	0.254
RainGage	2016	3	3	20	45	0.508
RainGage	2016	3	3	21	0	0.762
RainGage	2016	3	3	22	15	0.254
RainGage	2016	3	4	5	30	0.508
RainGage	2016	3	4	22	45	0.254
RainGage	2016	3	4	23	0	0.254
RainGage	2016	3	4	23	15	0.254
RainGage	2016	3	4	23	30	0.508
RainGage	2016	3	4	23	45	0.508
RainGage	2016	3	5	0	0	0.254
RainGage	2016	3	5	0	15	0.254
RainGage	2016	3	5	0	45	0.254
RainGage	2016	3	5	1	0	0.508
RainGage	2016	3	5	1	15	0.254
RainGage	2016	3	5	1	30	0.254
RainGage	2016	3	5	1	45	0.254
RainGage	2016	3	5	2	0	0.254
RainGage	2016	3	5	2	30	0.254
RainGage	2016	3	5	3	30	0.508
RainGage	2016	3	5	3	45	0.254
RainGage	2016	3	5	9	0	0.254
RainGage	2016	3	5	9	15	0.254
RainGage	2016	3	5	9	45	0.508
RainGage	2016	3	5	10	0	0.508
RainGage	2016	3	5	10	15	0.508
RainGage	2016	3	5	10	30	0.508
RainGage	2016	3	5	10	45	0.254
RainGage	2016	3	5	11	0	0.762
RainGage	2016	3	5	11	30	0.254
RainGage	2016	3	5	11	45	0.254
RainGage	2016	3	5	12	0	0.254
RainGage	2016	3	6	4	45	0.508
RainGage	2016	3	6	5	0	0.508
RainGage	2016	3	6	5	15	1.016
RainGage	2016	3	6	5	30	0.254
RainGage	2016	3	6	5	45	0.254
RainGage	2016	3	6	6	15	0.254
RainGage	2016	3	6	10	0	0.762
RainGage	2016	3	6	10	15	0.254
RainGage	2016	3	6	15	30	0.254
RainGage	2016	3	6	16	15	0.254
RainGage	2016	3	6	16	30	0.254
RainGage	2016	3	6	17	30	0.254
RainGage	2016	3	6	18	0	0.254
RainGage	2016	3	7	2	30	0.508
RainGage	2016	3	7	8	30	0.254
RainGage	2016	3	7	11	45	0.254
RainGage	2016	3	7	12	45	0.254
RainGage	2016	3	7	13	0	0.254
RainGage	2016	3	7	13	30	0.254
RainGage	2016	3	7	15	45	0.254
RainGage	2016	3	7	16	30	0.254
RainGage	2016	3	7	16	45	0.762
RainGage	2016	3	7	17	0	1.016
RainGage	2016	3	7	17	15	0.508
RainGage	2016	3	7	17	30	0.508
RainGage	2016	3	7	17	45	0.508
RainGage	2016	3	7	18	0	0.508
RainGage	2016	3	7	18	15	0.508
RainGage	2016	3	7	18	30	0.508
RainGage	2016	3	7	18	45	0.508
RainGage	2016	3	7	19	15	0.254
RainGage	2016	3	7	22	30	0.254
RainGage	2016	3	7	22	45	0.762
RainGage	2016	3	8	0	30	0.254
RainGage	2016	3	8	5	30	0.254
RainGage	2016	3	9	21	15	0.254
RainGage	2016	3	9	21	30	0.254
RainGage	2016	3	9	21	45	0.762
RainGage	2016	3	9	22	0	1.27
RainGage	2016	3	9	22	15	1.524
RainGage	2016	3	9	22	30	0.762
RainGage	2016	3	9	22	45	0.762
RainGage	2016	3	9	23	0	0.508
RainGage	2016	3	9	23	15	0.762
RainGage	2016	3	9	23	30	0.508
RainGage	2016	3	9	23	45	0.762
RainGage	2016	3	10	0	0	0.762
RainGage	2016	3	10	0	15	0.508
RainGage	2016	3	10	0	30	0.508
RainGage	2016	3	10	0	45	1.016
RainGage	2016	3	10	1	0	0.508
RainGage	2016	3	10	1	15	0.762
RainGage	2016	3	10	1	30	1.27
RainGage	2016	3	10	1	45	1.016
RainGage	2016	3	10	2	0	1.27
RainGage	2016	3	10	2	15	1.524
RainGage	2016	3	10	2	30	1.524
RainGage	2016	3	10	2	45	1.27
RainGage	2016	3	10	3	0	1.27
RainGage	2016	3	10	3	15	1.524
RainGage	2016	3	10	3	30	1.524
RainGage	2016	3	10	3	45	1.27
RainGage	2016	3	10	4	0	1.524
RainGage	2016	3	10	4	15	1.524
RainGage	2016	3	10	4	30	0.762
RainGage	2016	3	10	4	45	0.508
RainGage	2016	3	10	5	0	0.508
RainGage	2016	3	10	5	15	0.508
RainGage	2016	3	10	5	45	0.254
RainGage	2016	3	10	6	0	0.254
RainGage	2016	3	10	6	15	0.762
RainGage	2016	3	10	6	30	0.254
RainGage	2016	3	10	7	0	0.508
RainGage	2016	3	10	7	15	0.254
RainGage	2016	3	10	7	30	0.254
RainGage	2016	3	10	7	45	0.254
RainGage	2016	3	10	8	0	0.508
RainGage	2016	3	10	8	15	0.254
RainGage	2016	3	10	9	0	0.762
RainGage	2016	3	10	9	15	1.778
RainGage	2016	3	10	9	30	6.604
RainGage	2016	3	10	9	45	1.524
RainGage	2016	3	10	10	0	0.254
RainGage	2016	3	10	14	0	0.254
RainGage	2016	3	10	15	30	0.254
RainGage	2016	3	11	22	15	0.254
RainGage	2016	3	11	22	30	1.27
RainGage	2016	3	11	22	45	1.016
RainGage	2016	3	11	23	0	0.508
RainGage	2016	3	11	23	15	0.254
RainGage	2016	3	12	2	0	0.254
RainGage	2016	3	12	4	30	0.254
RainGage	2016	3	12	5	30	0.254
RainGage	2016	3	12	5	45	0.508
RainGage	2016	3	12	6	0	0.762
RainGage	2016	3	12	6	15	0.762
RainGage	2016	3	12	6	30	0.508
RainGage	2016	3	12	6	45	1.016
RainGage	2016	3	12	7	0	2.032
RainGage	2016	3	12	7	15	1.27
RainGage	2016	3	12	7	30	0.254
RainGage	2016	3	12	7	45	0.254
RainGage	2016	3	12	9	45	1.016
RainGage	2016	3	12	10	0	1.016
RainGage	2016	3	12	10	30	0.762
RainGage	2016	3	12	10	45	1.016
RainGage	2016	3	12	11	0	0.254
RainGage	2016	3	12	11	15	0.254
RainGage	2016	3	12	12	15	0.254
RainGage	2016	3	12	13	30	0.254
RainGage	2016	3	12	13	45	0.254
RainGage	2016	3	12	14	0	0.254
RainGage	2016	3	12	14	15	0.508
RainGage	2016	3	12	14	30	0.508
RainGage	2016	3	12	14	45	0.254
RainGage	2016	3	12	23	45	0.254
RainGage	2016	3	13	5	45	0.254
RainGage	2016	3	13	10	45	0.508
RainGage	2016	3	13	11	0	0.508
RainGage	2016	3	13	11	15	1.016
RainGage	2016	3	13	11	30	0.508
RainGage	2016	3	13	11	45	0.508
RainGage	2016	3	13	12	0	0.508
RainGage	2016	3	13	12	15	0.254
RainGage	2016	3	13	12	30	0.762
RainGage	2016	3	13	13	0	0.254
RainGage	2016	3	13	14	15	0.254
RainGage	2016	3	13	17	30	0.762
RainGage	2016	3	13	17	45	1.27
RainGage	2016	3	13	18	0	1.524
RainGage	2016	3	13	18	15	1.524
RainGage	2016	3	13	18	30	2.032
RainGage	2016	3	13	18	45	1.524
RainGage	2016	3	13	19	0	0.762
RainGage	2016	3	13	19	15	0.762
RainGage	2016	3	13	20	15	0.254
RainGage	2016	3	13	21	0	0.508
RainGage	2016	3	13	22	45	0.254
RainGage	2016	3	15	6	0	0.508
RainGage	2016	3	15	6	30	0.508
RainGage	2016	3	15	6	45	0.254
RainGage	2016	3	15	7	0	0.254
RainGage	2016	3	16	0	45	0.762
RainGage	2016	3	16	1	30	0.254
RainGage	2016	3	16	3	0	0.254
RainGage	2016	3	16	3	15	1.016
RainGage	2016	3	16	3	30	0.762
RainGage	2016	3	16	3	45	0.254
RainGage	2016	3	16	7	45	0.254
RainGage	2016	3	16	9	0	0.254
RainGage	2016	3	16	18	0	0.254
RainGage	2016	3	16	18	15	0.254
RainGage	2016	3	20	19	0	0.254
RainGage	2016	3	20	19	30	0.254
RainGage	2016	3	20	20	45	0.254
RainGage	2016	3	20	21	15	0.254
RainGage	2016	3	20	23	30	0.254
RainGage	2016	3	21	3	45	0.254
RainGage	2016	3	21	11	15	0.508
RainGage	2016	3	21	11	30	0.762
RainGage	2016	3	21	11	45	0.762
RainGage	2016	3	21	12	0	0.508
RainGage	2016	3	21	15	0	0.254
RainGage	2016	3	21	16	15	0.254
RainGage	2016	3	21	17	45	0.254
RainGage	2016	3	21	18	0	0.508
RainGage	2016	3	21	22	30	0.254
RainGage	2016	3	21	22	45	0.508
RainGage	2016	3	22	0	45	0.508
RainGage	2016	3	22	1	30	0.254
RainGage	2016	3	23	2	0	0.254
RainGage	2016	3	23	2	15	0.508
RainGage	2016	3	23	2	30	0.254
RainGage	2016	3	23	5	15	0.254
RainGage	2016	3	23	17	45	0.254
RainGage	2016	3	23	18	15	0.254
RainGage	2016	3	24	2	15	0.254
RainGage	2016	3	24	2	30	0.254
RainGage	2016	3	24	3	0	0.254
RainGage	2016	3	24	3	15	0.254
RainGage	2016	3	24	3	30	0.508
RainGage	2016	3	24	3	45	0.254
RainGage	2016	3	24	4	0	0.254
RainGage	2016	3	24	4	15	0.254
RainGage	2016	3	24	4	30	0.254
RainGage	2016	3	24	4	45	0.254
RainGage	2016	3	24	5	30	0.254
RainGage	2016	3	24	6	15	0.508
RainGage	2016	3	24	6	45	0.508
RainGage	2016	3	24	7	0	0.508
RainGage	2016	3	24	7	30	0.254
RainGage	2016	3	24	7	45	0.254
RainGage	2016	3	24	8	0	0.762
RainGage	2016	3	24	9	0	0.254
RainGage	2016	3	24	9	15	0.254
RainGage	2016	3	24	9	30	1.016
RainGage	2016	3	24	9	45	2.032
RainGage	2016	3	24	10	0	0.508
RainGage	2016	3	24	21	45	0.508
RainGage	2016	3	24	22	0	0.254
RainGage	2016	3	24	22	45	0.254
RainGage	2016	3	25	1	30	0.762
RainGage	2016	3	25	1	45	0.254
RainGage	2016	3	25	3	45	0.254
RainGage	2016	3	25	4	15	0.254
RainGage	2016	3	25	4	30	0.254
RainGage	2016	3	25	4	45	0.254
RainGage	2016	3	25	5	0	0.508
RainGage	2016	3	25	5	15	0.254
RainGage	2016	3	25	19	45	0.254
RainGage	2016	3	27	4	45	0.508
RainGage	2016	3	27	5	0	0.254
RainGage	2016	3	27	5	15	0.254
RainGage	2016	3	27	5	30	0.254
RainGage	2016	3	27	6	45	0.508
RainGage	2016	3	27	7	15	0.254
RainGage	2016	3	27	7	30	0.254
RainGage	2016	3	27	8	0	0.254
RainGage	2016	3	27	8	15	0.254
RainGage	2016	3	27	8	30	0.254
RainGage	2016	3	27	9	0	0.254
RainGage	2016	3	27	10	0	0.254
RainGage	2016	3	27	11	30	0.254
RainGage	2016	3	27	11	45	0.762
RainGage	2016	3	27	12	15	0.762
RainGage	2016	3	27	12	30	1.016
RainGage	2016	3	27	12	45	0.762
RainGage	2016	3	27	13	0	1.27
RainGage	2016	3	27	13	30	0.254
RainGage	2016	3	27	14	15	0.254
RainGage	2016	3	27	14	45	0.254
RainGage	2016	3	27	15	0	0.508
RainGage	2016	3	27	15	15	1.016
RainGage	2016	3	27	15	30	1.778
RainGage	2016	3	27	15	45	2.032
RainGage	2016	3	27	16	0	1.524
RainGage	2016	3	27	16	15	0.508
RainGage	2016	4	4	6	0	0.254
RainGage	2016	4	4	6	15	0.508
RainGage	2016	4	4	6	30	0.508
RainGage	2016	4	4	6	45	0.254
RainGage	2016	4	4	7	0	0.508
RainGage	2016	4	4	7	15	0.254
RainGage	2016	4	4	7	30	0.508
RainGage	2016	4	4	7	45	0.254
RainGage	2016	4	4	8	0	0.254
RainGage	2016	4	4	8	15	0.508
RainGage	2016	4	4	9	0	0.254
RainGage	2016	4	4	10	15	0.508
RainGage	2016	4	5	1	15	0.254
RainGage	2016	4	5	2	0	0.254
RainGage	2016	4	5	4	45	0.254
RainGage	2016	4	5	5	0	0.254
RainGage	2016	4	5	5	15	0.508
RainGage	2016	4	12	21	30	0.508
RainGage	2016	4	12	21	45	0.254
RainGage	2016	4	12	22	30	0.762
RainGage	2016	4	12	22	45	0.762
RainGage	2016	4	12	23	0	0.254
RainGage	2016	4	12	23	15	0.254
RainGage	2016	4	14	1	0	0.254
RainGage	2016	4	14	9	15	0.254
RainGage	2016	4	14	9	30	0.508
RainGage	2016	4	14	9	45	0.254
RainGage	2016	4	14	10	15	0.254
RainGage	2016	4	16	20	0	0.254
RainGage	2016	4	22	23	15	0.508
RainGage	2016	4	22	23	45	0.254
RainGage	2016	4	23	0	0	0.254
RainGage	2016	4	23	2	15	0.254
RainGage	2016	4	23	3	0	0.254
RainGage	2016	4	23	8	45	0.254
RainGage	2016	4	23	12	45	0.254
RainGage	2016	4	23	13	15	0.254
RainGage	2016	4	23	13	30	0.254
RainGage	2016	4	23	13	45	0.254
RainGage	2016	4	23	14	15	0.254
RainGage	2016	4	23	15	0	0.254
RainGage	2016	4	23	15	45	0.254
RainGage	2016	4	23	16	45	0.254
RainGage	2016	4	24	4	45	0.254
RainGage	2016	4	24	5	0	0.254
RainGage	2016	4	24	6	0	0.254
RainGage	2016	4	24	6	30	0.508
RainGage	2016	4	24	6	45	0.254
RainGage	2016	4	24	7	0	0.254
RainGage	2016	4	24	7	15	0.254
RainGage	2016	4	24	7	30	0.254
RainGage	2016	4	24	7	45	0.254
RainGage	2016	4	24	8	0	0.762
RainGage	2016	4	24	8	15	0.762
RainGage	2016	4	24	8	30	0.508
RainGage	2016	4	24	8	45	0.254
RainGage	2016	4	24	9	0	0.254
RainGage	2016	4	24	9	45	0.254
RainGage	2016	4	24	10	0	0.508
RainGage	2016	4	24	10	15	0.762
RainGage	2016	4	24	10	30	0.508
RainGage	2016	4	24	10	45	0.508
RainGage	2016	4	24	11	30	0.254
RainGage	2016	4	24	11	45	0.508
RainGage	2016	4	24	12	15	0.254
RainGage	2016	4	24	12	30	0.762
RainGage	2016	4	24	12	45	1.016
RainGage	2016	4	24	13	0	0.254
RainGage	2016	4	24	13	15	1.016
RainGage	2016	4	24	13	30	5.08
RainGage	2016	4	24	13	45	4.572
RainGage	2016	4	24	14	0	3.048
RainGage	2016	4	24	14	15	0.762
RainGage	2016	4	24	14	30	0.508
RainGage	2016	4	24	14	45	0.762
RainGage	2016	4	24	15	0	0.508
RainGage	2016	4	24	15	30	0.508
RainGage	2016	4	24	15	45	0.254
RainGage	2016	4	24	16	0	0.508
RainGage	2016	4	24	16	15	0.508
RainGage	2016	4	24	16	30	0.508
RainGage	2016	4	24	16	45	0.508
RainGage	2016	4	24	17	0	1.524
RainGage	2016	4	24	17	15	0.254
RainGage	2016	4	24	18	15	0.254
RainGage	2016	4	24	18	30	0.254
RainGage	2016	4	24	19	15	0.254
RainGage	2016	4	24	20	0	0.254
RainGage	2016	4	24	23	15	0.254
RainGage	2016	4	24	23	30	0.254
RainGage	2016	4	25	11	15	0.254
RainGage	2016	4	25	11	30	0.508
RainGage	2016	4	25	11	45	0.762
RainGage	2016	4	25	12	45	0.508
RainGage	2016	4	25	13	0	0.254
RainGage	2016	4	25	13	15	0.254
RainGage	2016	4	25	13	30	0.254
RainGage	2016	4	25	14	45	0.254
RainGage	2016	4	25	15	0	0.508
RainGage	2016	4	25	16	0	0.254
RainGage	2016	4	29	12	30	0.254
RainGage	2016	4	29	13	0	0.254
RainGage	2016	4	29	13	15	0.254
RainGage	2016	4	29	14	15	0.254
RainGage	2016	4	30	4	15	0.254
RainGage	2016	5	4	15	0	0.254
RainGage	2016	5	4	15	15	0.508
RainGage	2016	5	8	14	15	0.254
RainGage	2016	5	8	14	30	0.254
RainGage	2016	5	8	16	0	0.254
RainGage	2016	5	9	5	45	0.254
RainGage	2016	5	9	6	0	0.508
RainGage	2016	5	9	6	15	0.254
RainGage	2016	5	14	19	45	0.508
RainGage	2016	5	14	20	15	0.254
RainGage	2016	5	14	21	0	0.254
RainGage	2016	5	14	21	15	0.762
RainGage	2016	5	14	21	30	1.016
RainGage	2016	5	14	21	45	2.032
RainGage	2016	5	14	22	0	1.016
RainGage	2016	5	14	22	15	0.508
RainGage	2016	5	14	22	30	0.762
RainGage	2016	5	14	22	45	0.508
RainGage	2016	5	14	23	0	0.508
RainGage	2016	5	14	23	45	0.254
RainGage	2016	5	15	2	30	0.254
RainGage	2016	5	15	4	0	0.254
RainGage	2016	5	15	5	0	0.254
RainGage	2016	5	15	5	30	0.254
RainGage	2016	5	15	5	45	0.254
RainGage	2016	5	15	6	0	0.508
RainGage	2016	5	15	6	15	0.254
RainGage	2016	5	15	6	45	0.254
RainGage	2016	5	15	7	15	0.254
RainGage	2016	5	15	7	45	0.254
RainGage	2016	5	15	21	45	0.254
RainGage	2016	5	16	4	30	0.254
RainGage	2016	5	16	7	45	0.254
RainGage	2016	5	16	22	30	0.254
RainGage	2016	5	19	6	15	0.254
RainGage	2016	5	19	7	15	0.254
RainGage	2016	5	19	7	30	0.254
RainGage	2016	5	19	8	0	0.254
RainGage	2016	5	19	8	15	0.508
RainGage	2016	5	19	8	30	0.762
RainGage	2016	5	19	8	45	0.254
RainGage	2016	5	19	10	45	0.254
RainGage	2016	5	19	11	30	0.254
RainGage	2016	5	19	11	45	0.254
RainGage	2016	5	19	12	15	0.254
RainGage	2016	5	19	12	30	0.508
RainGage	2016	5	19	12	45	0.508
RainGage	2016	5	19	13	15	0.254
RainGage	2016	5	19	13	45	0.254
RainGage	2016	5	21	17	0	0.254
RainGage	2016	5	21	17	15	0.508
RainGage	2016	5	21	17	30	0.508
RainGage	2016	5	21	17	45	0.254
RainGage	2016	5	21	18	0	0.508
RainGage	2016	5	21	18	15	0.508
RainGage	2016	5	22	3	0	0.254
RainGage	2016	5	22	3	30	0.254
RainGage	2016	5	22	5	0	0.254
RainGage	2016	5	22	5	45	0.254
RainGage	2016	5	22	6	45	0.254
RainGage	2016	5	22	7	30	0.254
RainGage	2016	5	26	17	45	0.254
RainGage	2016	5	27	6	15	0.254
RainGage	2016	5	27	8	0	0.508
RainGage	2016	5	27	8	15	0.254
RainGage	2016	5	27	8	45	0.254
RainGage	2016	5	27	10	30	0.254
RainGage	2016	5	28	7	0	0.254
RainGage	2016	5	28	7	30	0.254
RainGage	2016	5	28	11	0	0.254
RainGage	2016	5	28	11	30	0.254
RainGage	2016	5	28	12	15	0.254
RainGage	2016	5	28	12	45	0.254
RainGage	2016	5	28	15	0	0.254
RainGage	2016	5	29	14	30	0.508
RainGage	2016	5	29	14	45	0.254
RainGage	2016	5	29	15	0	0.254
RainGage	2016	5	29	15	15	0.254
RainGage	2016	5	29	15	30	0.254
RainGage	2016	6	10	5	15	0.508
RainGage	2016	6	10	5	45	0.254
RainGage	2016	6	11	8	15	0.508
RainGage	2016	6	11	8	45	0.254
RainGage	2016	6	11	9	0	0.508
RainGage	2016	6	11	9	15	0.254
RainGage	2016	6	11	9	30	0.254
RainGage	2016	6	11	9	45	0.508
RainGage	2016	6	11	10	0	0.254
RainGage	2016	6	11	10	15	0.254
RainGage	2016	6	11	10	45	0.254
RainGage	2016	6	11	11	30	0.254
RainGage	2016	6	14	6	0	0.508
RainGage	2016	6	14	6	15	0.508
RainGage	2016	6	14	11	30	0.254
RainGage	2016	6	15	1	0	1.016
RainGage	2016	6	15	1	15	0.762
RainGage	2016	6	15	1	30	0.254
RainGage	2016	6	15	4	0	4.572
RainGage	2016	6	15	4	15	3.81
RainGage	2016	6	15	4	30	1.524
RainGage	2016	6	15	4	45	0.762
RainGage	2016	6	15	5	0	0.254
RainGage	2016	6	15	5	30	0.254
RainGage	2016	6	15	5	45	0.508
RainGage	2016	6	15	6	0	0.508
RainGage	2016	6	15	6	15	0.254
RainGage	2016	6	15	6	30	0.254
RainGage	2016	6	15	6	45	0.254
RainGage	2016	6	15	7	0	0.254
RainGage	2016	6	15	14	30	0.254
RainGage	2016	6	18	22	0	1.016
RainGage	2016	6	18	22	15	5.334
RainGage	2016	6	18	22	30	6.858
RainGage	2016	6	18	22	45	2.286
RainGage	2016	6	18	23	0	0.254
RainGage	2016	6	18	23	15	0.508
RainGage	2016	6	18	23	45	0.254
RainGage	2016	6	19	0	0	1.016
RainGage	2016	6	19	3	0	0.254
RainGage	2016	6	19	3	45	0.254
RainGage	2016	6	19	4	45	1.778
RainGage	2016	6	19	5	0	0.508
RainGage	2016	6	19	5	15	0.254
RainGage	2016	6	19	6	0	0.508
RainGage	2016	6	19	6	15	0.254
RainGage	2016	6	23	23	45	0.254
RainGage	2016	6	24	4	15	0.254
RainGage	2016	6	24	5	15	0.508
RainGage	2016	6	24	7	45	0.254
RainGage	2016	6	24	14	0	0.508
RainGage	2016	6	24	14	30	0.254
RainGage	2016	7	8	2	0	1.27
RainGage	2016	7	8	2	15	1.016
RainGage	2016	7	8	2	30	0.254
RainGage	2016	7	8	2	45	0.254
RainGage	2016	7	8	11	15	0.254
RainGage	2016	7	9	6	30	0.254
RainGage	2016	7	9	6	45	0.762
RainGage	2016	7	9	7	0	0.254
RainGage	2016	7	9	7	15	0.762
RainGage	2016	7	9	7	30	0.254
RainGage	2016	7	9	7	45	0.254
RainGage	2016	7	9	8	0	0.762
RainGage	2016	7	9	8	15	1.016
RainGage	2016	7	9	8	30	0.254
RainGage	2016	7	9	8	45	0.508
RainGage	2016	7	9	9	0	0.254
RainGage	2016	7	18	23	0	4.572
RainGage	2016	7	18	23	15	6.096
RainGage	2016	7	18	23	30	1.27
RainGage	2016	7	18	23	45	0.762
RainGage	2016	7	19	0	0	0.254
RainGage	2016	7	19	0	15	0.254
RainGage	2016	7	22	22	30	2.032
RainGage	2016	7	24	4	30	0.254
